====== Fe (3500) into Fe                        =======
        SRIM-2013.00
==========================================
    Ion and Target VACANCY production     
  See SRIM Outputs\TDATA.txt for calc. details
==========================================
--------------------------------------------------------------------
    Recoil/Damage Calculations made with Kinchin-Pease Estimates    
--------------------------------------------------------------------
 See file :  SRIM Outputs\TDATA.txt for calculation data
 Ion    = Fe   Energy = 3500 keV
============= TARGET MATERIAL ======================================
Layer  1 : Fe
Layer Width =     2.E+04 A ;
  Layer # 1- Density = 8.481E22 atoms/cm3 = 7.865 g/cm3
  Layer # 1- Fe = 100  Atomic Percent = 100  Mass Percent
====================================================================
 Total Ions calculated =10000.00
 Total Target Vacancies     = 11491 /Ion

==========================================================
  Table Units are  >>>> Vacancies/(Angstrom-Ion)  <<<<  
==========================================================
   TARGET     VACANCIES     VACANCIES 
   DEPTH         by            by     
   (Ang.)       IONS         RECOILS  
-----------  -----------  ------------
200010.E-03  2265.15E-05  3677.87E-04  
400010.E-03  2422.01E-05  4091.41E-04  
600010.E-03  2453.74E-05  4334.29E-04  
800010.E-03  2495.68E-05  4403.55E-04  
100001.E-02  2532.46E-05  4460.96E-04  
120001.E-02  2564.75E-05  4225.00E-04  
140001.E-02  2614.09E-05  4201.66E-04  
160001.E-02  2665.59E-05  4561.53E-04  
180001.E-02  2722.75E-05  4980.25E-04  
200001.E-02  2752.63E-05  4666.70E-04  
220001.E-02  2812.69E-05  5221.11E-04  
240001.E-02  2855.18E-05  5450.98E-04  
260001.E-02  2904.58E-05  5414.02E-04  
280001.E-02  2952.57E-05  5341.99E-04  
300001.E-02  2996.42E-05  5305.84E-04  
320001.E-02  3076.30E-05  5353.35E-04  
340001.E-02  3139.51E-05  5900.84E-04  
360001.E-02  3152.47E-05  5600.38E-04  
380001.E-02  3200.07E-05  6362.43E-04  
400001.E-02  3278.24E-05  6477.81E-04  
420001.E-02  3337.55E-05  6700.73E-04  
440001.E-02  3422.83E-05  6291.42E-04  
460001.E-02  3468.03E-05  6410.85E-04  
480001.E-02  3484.89E-05  6867.25E-04  
500001.E-02  3561.77E-05  7180.68E-04  
520001.E-02  3532.89E-05  7298.93E-04  
540001.E-02  3568.33E-05  8162.71E-04  
560001.E-02  3519.43E-05  7995.80E-04  
580001.E-02  3456.57E-05  7572.18E-04  
600001.E-02  3447.46E-05  8136.76E-04  
620001.E-02  3512.42E-05  8290.86E-04  
640001.E-02  3617.12E-05  9167.49E-04  
660001.E-02  3713.52E-05  9229.67E-04  
680001.E-02  3799.75E-05  9514.34E-04  
700001.E-02  3835.19E-05  1007.92E-03  
720001.E-02  4005.25E-05  1009.10E-03  
740001.E-02  4084.63E-05  1052.26E-03  
760001.E-02  4154.30E-05  1022.89E-03  
780001.E-02  4209.50E-05  1067.60E-03  
800001.E-02  4359.45E-05  1121.85E-03  
820001.E-02  4497.73E-05  1185.93E-03  
840001.E-02  4655.54E-05  1253.87E-03  
860001.E-02  4792.32E-05  1236.58E-03  
880001.E-02  4837.76E-05  1290.26E-03  
900001.E-02  4893.02E-05  1251.57E-03  
920001.E-02  5014.54E-05  1305.37E-03  
940001.E-02  5094.16E-05  1291.25E-03  
960001.E-02  5136.71E-05  1385.02E-03  
980001.E-02  5205.27E-05  1351.90E-03  
100000.E-01  5306.22E-05  1375.70E-03  
102000.E-01  5154.67E-05  1358.04E-03  
104000.E-01  5156.62E-05  1317.02E-03  
106000.E-01  5030.90E-05  1326.47E-03  
108000.E-01  4846.47E-05  1246.95E-03  
110000.E-01  4729.71E-05  1182.61E-03  
112000.E-01  4537.27E-05  1147.61E-03  
114000.E-01  4243.58E-05  1048.73E-03  
116000.E-01  3989.29E-05  9582.32E-04  
118000.E-01  3693.10E-05  8717.90E-04  
120000.E-01  3426.74E-05  7927.47E-04  
122000.E-01  3063.93E-05  7238.71E-04  
124000.E-01  2715.59E-05  6111.32E-04  
126000.E-01  2295.78E-05  5331.68E-04  
128000.E-01  2034.68E-05  4495.16E-04  
130000.E-01  1667.42E-05  3529.39E-04  
132000.E-01  1319.33E-05  2875.12E-04  
134000.E-01  1043.57E-05  2290.60E-04  
136000.E-01  8079.02E-06  1630.90E-04  
138000.E-01  5900.34E-06  1230.20E-04  
140000.E-01  4113.46E-06  8255.60E-05  
142000.E-01  3098.78E-06  6165.90E-05  
144000.E-01  2097.95E-06  3514.03E-05  
146000.E-01  1313.03E-06  2042.92E-05  
148000.E-01  8945.16E-07  1468.34E-05  
150000.E-01  4030.04E-07  7231.08E-06  
152000.E-01  2255.00E-07  4200.75E-06  
154000.E-01  9099.99E-08  2164.97E-06  
156000.E-01  6750.00E-08  1240.39E-06  
158000.E-01  2300.00E-08  2980.01E-07  
160000.E-01  0000.00E+00  0000.00E+00  
162000.E-01  0000.00E+00  0000.00E+00  
164000.E-01  0000.00E+00  0000.00E+00  
166000.E-01  0000.00E+00  0000.00E+00  
168000.E-01  0000.00E+00  0000.00E+00  
170000.E-01  0000.00E+00  0000.00E+00  
172000.E-01  0000.00E+00  0000.00E+00  
174000.E-01  0000.00E+00  0000.00E+00  
176000.E-01  0000.00E+00  0000.00E+00  
178000.E-01  0000.00E+00  0000.00E+00  
180000.E-01  0000.00E+00  0000.00E+00  
182000.E-01  0000.00E+00  0000.00E+00  
184000.E-01  0000.00E+00  0000.00E+00  
186000.E-01  0000.00E+00  0000.00E+00  
188000.E-01  0000.00E+00  0000.00E+00  
190000.E-01  0000.00E+00  0000.00E+00  
192000.E-01  0000.00E+00  0000.00E+00  
194000.E-01  0000.00E+00  0000.00E+00  
196000.E-01  0000.00E+00  0000.00E+00  
198000.E-01  0000.00E+00  0000.00E+00  
200000.E-01  0000.00E+00  0000.00E+00  

 To convert to Energy Lost - multiply by Average Binding Energy =  3  eV/Vacancy
