====== Fe (3500) into Fe                        =======
        SRIM-2013.00
==========================================
    Ion and Target VACANCY production     
  See SRIM Outputs\TDATA.txt for calc. details
==========================================
--------------------------------------------------------------------
    Recoil/Damage Calculations made with Kinchin-Pease Estimates    
--------------------------------------------------------------------
 See file :  SRIM Outputs\TDATA.txt for calculation data
 Ion    = Fe   Energy = 3500 keV
============= TARGET MATERIAL ======================================
Layer  1 : Fe
Layer Width =     2.E+04 A ;
  Layer # 1- Density = 8.481E22 atoms/cm3 = 7.865 g/cm3
  Layer # 1- Fe = 100  Atomic Percent = 100  Mass Percent
====================================================================
 Total Ions calculated =10000.00
 Total Target Vacancies     = 11459 /Ion

==========================================================
  Table Units are  >>>> Vacancies/(Angstrom-Ion)  <<<<  
==========================================================
   TARGET     VACANCIES     VACANCIES 
   DEPTH         by            by     
   (Ang.)       IONS         RECOILS  
-----------  -----------  ------------
200010.E-03  2254.69E-05  3567.74E-04  
400010.E-03  2418.00E-05  3662.14E-04  
600010.E-03  2457.99E-05  4074.16E-04  
800010.E-03  2507.54E-05  4525.18E-04  
100001.E-02  2550.98E-05  4137.66E-04  
120001.E-02  2596.48E-05  4339.84E-04  
140001.E-02  2619.95E-05  4698.44E-04  
160001.E-02  2644.32E-05  4401.50E-04  
180001.E-02  2700.28E-05  4780.55E-04  
200001.E-02  2741.82E-05  4539.73E-04  
220001.E-02  2798.37E-05  4972.85E-04  
240001.E-02  2819.29E-05  5057.29E-04  
260001.E-02  2883.61E-05  5213.42E-04  
280001.E-02  2951.82E-05  5206.98E-04  
300001.E-02  3028.00E-05  5083.50E-04  
320001.E-02  3083.20E-05  5485.17E-04  
340001.E-02  3109.68E-05  5598.43E-04  
360001.E-02  3154.82E-05  5927.55E-04  
380001.E-02  3204.77E-05  5915.48E-04  
400001.E-02  3286.95E-05  6142.64E-04  
420001.E-02  3329.14E-05  6631.98E-04  
440001.E-02  3336.75E-05  6119.81E-04  
460001.E-02  3433.34E-05  6420.45E-04  
480001.E-02  3496.25E-05  7119.04E-04  
500001.E-02  3565.32E-05  7148.69E-04  
520001.E-02  3583.84E-05  7613.42E-04  
540001.E-02  3550.16E-05  7580.61E-04  
560001.E-02  3502.91E-05  7812.41E-04  
580001.E-02  3450.66E-05  7928.97E-04  
600001.E-02  3474.43E-05  8329.74E-04  
620001.E-02  3522.48E-05  8641.82E-04  
640001.E-02  3664.47E-05  8896.61E-04  
660001.E-02  3716.82E-05  9526.47E-04  
680001.E-02  3830.53E-05  9994.48E-04  
700001.E-02  3839.64E-05  9478.64E-04  
720001.E-02  3943.99E-05  9914.30E-04  
740001.E-02  4008.15E-05  9981.68E-04  
760001.E-02  4128.02E-05  1103.71E-03  
780001.E-02  4261.25E-05  1085.33E-03  
800001.E-02  4406.94E-05  1127.72E-03  
820001.E-02  4510.84E-05  1203.41E-03  
840001.E-02  4525.01E-05  1159.35E-03  
860001.E-02  4647.73E-05  1193.46E-03  
880001.E-02  4756.68E-05  1249.70E-03  
900001.E-02  4870.45E-05  1258.76E-03  
920001.E-02  4952.28E-05  1279.00E-03  
940001.E-02  5049.42E-05  1300.81E-03  
960001.E-02  5068.79E-05  1291.77E-03  
980001.E-02  5156.17E-05  1362.83E-03  
100000.E-01  5196.36E-05  1351.96E-03  
102000.E-01  5264.18E-05  1355.62E-03  
104000.E-01  5130.30E-05  1363.10E-03  
106000.E-01  5025.15E-05  1297.33E-03  
108000.E-01  4792.72E-05  1203.54E-03  
110000.E-01  4783.26E-05  1227.96E-03  
112000.E-01  4555.99E-05  1114.72E-03  
114000.E-01  4257.00E-05  1070.87E-03  
116000.E-01  3969.47E-05  9750.34E-04  
118000.E-01  3814.11E-05  9202.83E-04  
120000.E-01  3576.28E-05  8679.47E-04  
122000.E-01  3096.21E-05  7262.60E-04  
124000.E-01  2798.42E-05  6541.42E-04  
126000.E-01  2451.09E-05  5530.85E-04  
128000.E-01  2124.42E-05  4699.03E-04  
130000.E-01  1753.86E-05  3933.55E-04  
132000.E-01  1397.96E-05  3123.08E-04  
134000.E-01  1065.86E-05  2359.20E-04  
136000.E-01  8455.32E-06  1812.37E-04  
138000.E-01  6244.41E-06  1235.13E-04  
140000.E-01  4383.52E-06  8522.18E-05  
142000.E-01  2734.84E-06  5533.86E-05  
144000.E-01  1974.97E-06  3381.72E-05  
146000.E-01  1246.02E-06  2304.02E-05  
148000.E-01  7620.13E-07  1472.33E-05  
150000.E-01  3600.03E-07  6817.19E-06  
152000.E-01  1825.00E-07  2406.69E-06  
154000.E-01  1225.00E-07  1920.29E-06  
156000.E-01  7399.99E-08  8557.97E-07  
158000.E-01  6100.00E-08  6154.46E-07  
160000.E-01  0000.00E+00  0000.00E+00  
162000.E-01  0000.00E+00  0000.00E+00  
164000.E-01  0000.00E+00  0000.00E+00  
166000.E-01  0000.00E+00  0000.00E+00  
168000.E-01  0000.00E+00  0000.00E+00  
170000.E-01  0000.00E+00  0000.00E+00  
172000.E-01  0000.00E+00  0000.00E+00  
174000.E-01  0000.00E+00  0000.00E+00  
176000.E-01  0000.00E+00  0000.00E+00  
178000.E-01  0000.00E+00  0000.00E+00  
180000.E-01  0000.00E+00  0000.00E+00  
182000.E-01  0000.00E+00  0000.00E+00  
184000.E-01  0000.00E+00  0000.00E+00  
186000.E-01  0000.00E+00  0000.00E+00  
188000.E-01  0000.00E+00  0000.00E+00  
190000.E-01  0000.00E+00  0000.00E+00  
192000.E-01  0000.00E+00  0000.00E+00  
194000.E-01  0000.00E+00  0000.00E+00  
196000.E-01  0000.00E+00  0000.00E+00  
198000.E-01  0000.00E+00  0000.00E+00  
200000.E-01  0000.00E+00  0000.00E+00  

 To convert to Energy Lost - multiply by Average Binding Energy =  3  eV/Vacancy
