====== Fe (3500) into Fe                        =======
        SRIM-2013.00
==========================================
    Ion and Target VACANCY production     
  See SRIM Outputs\TDATA.txt for calc. details
==========================================
--------------------------------------------------------------------
    Recoil/Damage Calculations made with Kinchin-Pease Estimates    
--------------------------------------------------------------------
 See file :  SRIM Outputs\TDATA.txt for calculation data
 Ion    = Fe   Energy = 3500 keV
============= TARGET MATERIAL ======================================
Layer  1 : Fe
Layer Width =     2.E+04 A ;
  Layer # 1- Density = 8.481E22 atoms/cm3 = 7.865 g/cm3
  Layer # 1- Fe = 100  Atomic Percent = 100  Mass Percent
====================================================================
 Total Ions calculated =10000.00
 Total Target Vacancies     = 11504 /Ion

==========================================================
  Table Units are  >>>> Vacancies/(Angstrom-Ion)  <<<<  
==========================================================
   TARGET     VACANCIES     VACANCIES 
   DEPTH         by            by     
   (Ang.)       IONS         RECOILS  
-----------  -----------  ------------
200010.E-03  2251.79E-05  3700.14E-04  
400010.E-03  2415.90E-05  4212.59E-04  
600010.E-03  2460.44E-05  4439.13E-04  
800010.E-03  2515.80E-05  4132.45E-04  
100001.E-02  2553.99E-05  3960.98E-04  
120001.E-02  2586.52E-05  4449.00E-04  
140001.E-02  2613.24E-05  4413.52E-04  
160001.E-02  2663.79E-05  4650.80E-04  
180001.E-02  2729.36E-05  4562.73E-04  
200001.E-02  2738.22E-05  4374.82E-04  
220001.E-02  2791.87E-05  4998.29E-04  
240001.E-02  2855.13E-05  5125.06E-04  
260001.E-02  2897.72E-05  5343.64E-04  
280001.E-02  2950.62E-05  5419.08E-04  
300001.E-02  3011.78E-05  5344.23E-04  
320001.E-02  3052.17E-05  5802.12E-04  
340001.E-02  3070.54E-05  5694.53E-04  
360001.E-02  3184.05E-05  5954.83E-04  
380001.E-02  3253.32E-05  6088.46E-04  
400001.E-02  3292.16E-05  5878.66E-04  
420001.E-02  3366.73E-05  6708.90E-04  
440001.E-02  3384.65E-05  6616.36E-04  
460001.E-02  3472.38E-05  7123.47E-04  
480001.E-02  3538.45E-05  7109.66E-04  
500001.E-02  3548.46E-05  7148.03E-04  
520001.E-02  3567.32E-05  7481.44E-04  
540001.E-02  3565.02E-05  8330.28E-04  
560001.E-02  3505.31E-05  8111.06E-04  
580001.E-02  3461.87E-05  7987.52E-04  
600001.E-02  3445.46E-05  8581.71E-04  
620001.E-02  3529.84E-05  8920.75E-04  
640001.E-02  3612.07E-05  8954.73E-04  
660001.E-02  3720.12E-05  9177.72E-04  
680001.E-02  3793.14E-05  9416.70E-04  
700001.E-02  3864.16E-05  9415.16E-04  
720001.E-02  3922.42E-05  9861.08E-04  
740001.E-02  4050.45E-05  1067.83E-03  
760001.E-02  4189.83E-05  1110.63E-03  
780001.E-02  4308.80E-05  1093.96E-03  
800001.E-02  4461.95E-05  1139.47E-03  
820001.E-02  4512.55E-05  1155.83E-03  
840001.E-02  4667.90E-05  1222.44E-03  
860001.E-02  4776.95E-05  1253.50E-03  
880001.E-02  4816.59E-05  1261.94E-03  
900001.E-02  4886.06E-05  1272.46E-03  
920001.E-02  4955.63E-05  1313.12E-03  
940001.E-02  5124.64E-05  1389.13E-03  
960001.E-02  5128.35E-05  1326.03E-03  
980001.E-02  5116.29E-05  1343.05E-03  
100000.E-01  5165.78E-05  1356.03E-03  
102000.E-01  5164.08E-05  1332.03E-03  
104000.E-01  5202.22E-05  1293.61E-03  
106000.E-01  4992.97E-05  1285.37E-03  
108000.E-01  4814.84E-05  1203.02E-03  
110000.E-01  4663.74E-05  1161.08E-03  
112000.E-01  4488.47E-05  1117.63E-03  
114000.E-01  4239.73E-05  1047.32E-03  
116000.E-01  3996.39E-05  9825.28E-04  
118000.E-01  3796.65E-05  9050.03E-04  
120000.E-01  3462.22E-05  8034.92E-04  
122000.E-01  3054.47E-05  7139.22E-04  
124000.E-01  2711.49E-05  6297.36E-04  
126000.E-01  2376.31E-05  5531.03E-04  
128000.E-01  1981.58E-05  4448.01E-04  
130000.E-01  1633.54E-05  3808.16E-04  
132000.E-01  1303.62E-05  2838.40E-04  
134000.E-01  1037.78E-05  2220.48E-04  
136000.E-01  8458.32E-06  1728.30E-04  
138000.E-01  5818.32E-06  1161.99E-04  
140000.E-01  4006.94E-06  8309.55E-05  
142000.E-01  2752.84E-06  5662.24E-05  
144000.E-01  1514.53E-06  2951.67E-05  
146000.E-01  9900.18E-07  1928.84E-05  
148000.E-01  5420.08E-07  9420.83E-06  
150000.E-01  3505.03E-07  4656.87E-06  
152000.E-01  1780.00E-07  3245.82E-06  
154000.E-01  1010.00E-07  1695.71E-06  
156000.E-01  5900.00E-08  1293.17E-06  
158000.E-01  0000.00E+00  0000.00E+00  
160000.E-01  0000.00E+00  0000.00E+00  
162000.E-01  0000.00E+00  0000.00E+00  
164000.E-01  0000.00E+00  0000.00E+00  
166000.E-01  0000.00E+00  0000.00E+00  
168000.E-01  0000.00E+00  0000.00E+00  
170000.E-01  0000.00E+00  0000.00E+00  
172000.E-01  0000.00E+00  0000.00E+00  
174000.E-01  0000.00E+00  0000.00E+00  
176000.E-01  0000.00E+00  0000.00E+00  
178000.E-01  0000.00E+00  0000.00E+00  
180000.E-01  0000.00E+00  0000.00E+00  
182000.E-01  0000.00E+00  0000.00E+00  
184000.E-01  0000.00E+00  0000.00E+00  
186000.E-01  0000.00E+00  0000.00E+00  
188000.E-01  0000.00E+00  0000.00E+00  
190000.E-01  0000.00E+00  0000.00E+00  
192000.E-01  0000.00E+00  0000.00E+00  
194000.E-01  0000.00E+00  0000.00E+00  
196000.E-01  0000.00E+00  0000.00E+00  
198000.E-01  0000.00E+00  0000.00E+00  
200000.E-01  0000.00E+00  0000.00E+00  

 To convert to Energy Lost - multiply by Average Binding Energy =  3  eV/Vacancy
