====== Fe (3500) into Fe                        =======
        SRIM-2013.00
==========================================
    Ion and Target VACANCY production     
  See SRIM Outputs\TDATA.txt for calc. details
==========================================
--------------------------------------------------------------------
    Recoil/Damage Calculations made with Kinchin-Pease Estimates    
--------------------------------------------------------------------
 See file :  SRIM Outputs\TDATA.txt for calculation data
 Ion    = Fe   Energy = 3500 keV
============= TARGET MATERIAL ======================================
Layer  1 : Fe
Layer Width =     2.E+04 A ;
  Layer # 1- Density = 8.481E22 atoms/cm3 = 7.865 g/cm3
  Layer # 1- Fe = 100  Atomic Percent = 100  Mass Percent
====================================================================
 Total Ions calculated =10000.00
 Total Target Vacancies     = 11512 /Ion

==========================================================
  Table Units are  >>>> Vacancies/(Angstrom-Ion)  <<<<  
==========================================================
   TARGET     VACANCIES     VACANCIES 
   DEPTH         by            by     
   (Ang.)       IONS         RECOILS  
-----------  -----------  ------------
200010.E-03  2248.64E-05  3829.51E-04  
400010.E-03  2414.80E-05  4222.14E-04  
600010.E-03  2458.04E-05  4417.69E-04  
800010.E-03  2504.99E-05  4248.75E-04  
100001.E-02  2527.91E-05  4175.58E-04  
120001.E-02  2567.75E-05  4428.20E-04  
140001.E-02  2629.11E-05  4498.68E-04  
160001.E-02  2689.92E-05  4673.29E-04  
180001.E-02  2710.99E-05  5113.29E-04  
200001.E-02  2766.89E-05  4702.75E-04  
220001.E-02  2820.45E-05  5123.96E-04  
240001.E-02  2871.55E-05  5267.70E-04  
260001.E-02  2913.59E-05  4878.04E-04  
280001.E-02  2978.70E-05  5305.34E-04  
300001.E-02  3002.92E-05  5269.87E-04  
320001.E-02  3054.97E-05  5585.34E-04  
340001.E-02  3107.53E-05  5664.85E-04  
360001.E-02  3166.08E-05  6098.67E-04  
380001.E-02  3229.34E-05  6423.60E-04  
400001.E-02  3309.32E-05  5709.68E-04  
420001.E-02  3357.92E-05  6525.70E-04  
440001.E-02  3419.53E-05  6956.27E-04  
460001.E-02  3443.80E-05  6774.59E-04  
480001.E-02  3488.30E-05  7158.51E-04  
500001.E-02  3497.21E-05  6905.15E-04  
520001.E-02  3502.71E-05  6994.02E-04  
540001.E-02  3476.59E-05  7697.82E-04  
560001.E-02  3512.92E-05  8200.27E-04  
580001.E-02  3454.81E-05  7931.96E-04  
600001.E-02  3489.40E-05  8218.32E-04  
620001.E-02  3550.76E-05  8127.73E-04  
640001.E-02  3631.44E-05  9215.53E-04  
660001.E-02  3662.22E-05  9398.76E-04  
680001.E-02  3784.84E-05  9549.43E-04  
700001.E-02  3849.05E-05  9453.28E-04  
720001.E-02  3976.27E-05  1052.53E-03  
740001.E-02  4073.17E-05  1089.93E-03  
760001.E-02  4195.39E-05  1087.17E-03  
780001.E-02  4318.61E-05  1156.78E-03  
800001.E-02  4445.68E-05  1134.16E-03  
820001.E-02  4628.86E-05  1180.37E-03  
840001.E-02  4708.79E-05  1203.28E-03  
860001.E-02  4736.51E-05  1216.31E-03  
880001.E-02  4833.31E-05  1266.69E-03  
900001.E-02  5004.68E-05  1345.84E-03  
920001.E-02  5032.35E-05  1303.63E-03  
940001.E-02  5140.66E-05  1328.92E-03  
960001.E-02  5108.53E-05  1342.27E-03  
980001.E-02  5209.08E-05  1391.06E-03  
100000.E-01  5099.37E-05  1353.92E-03  
102000.E-01  5106.03E-05  1300.46E-03  
104000.E-01  5089.81E-05  1310.28E-03  
106000.E-01  5005.38E-05  1302.27E-03  
108000.E-01  4740.82E-05  1193.10E-03  
110000.E-01  4666.30E-05  1164.54E-03  
112000.E-01  4464.40E-05  1116.36E-03  
114000.E-01  4259.95E-05  1074.24E-03  
116000.E-01  3943.29E-05  9754.99E-04  
118000.E-01  3718.62E-05  8980.93E-04  
120000.E-01  3406.77E-05  8032.10E-04  
122000.E-01  2981.65E-05  6953.89E-04  
124000.E-01  2634.01E-05  6007.19E-04  
126000.E-01  2291.88E-05  5241.02E-04  
128000.E-01  2045.49E-05  4637.15E-04  
130000.E-01  1680.18E-05  3700.11E-04  
132000.E-01  1325.49E-05  2906.32E-04  
134000.E-01  1035.23E-05  2196.16E-04  
136000.E-01  8298.40E-06  1793.34E-04  
138000.E-01  5979.86E-06  1223.01E-04  
140000.E-01  4152.47E-06  7938.97E-05  
142000.E-01  2812.33E-06  5378.93E-05  
144000.E-01  2071.45E-06  3721.99E-05  
146000.E-01  1242.02E-06  2581.11E-05  
148000.E-01  7440.12E-07  1432.95E-05  
150000.E-01  3315.03E-07  7790.39E-06  
152000.E-01  2445.01E-07  3700.04E-06  
154000.E-01  8799.99E-08  1065.29E-06  
156000.E-01  8199.99E-08  9680.69E-07  
158000.E-01  2550.00E-08  2154.45E-07  
160000.E-01  0000.00E+00  0000.00E+00  
162000.E-01  0000.00E+00  0000.00E+00  
164000.E-01  0000.00E+00  0000.00E+00  
166000.E-01  0000.00E+00  0000.00E+00  
168000.E-01  0000.00E+00  0000.00E+00  
170000.E-01  0000.00E+00  0000.00E+00  
172000.E-01  0000.00E+00  0000.00E+00  
174000.E-01  0000.00E+00  0000.00E+00  
176000.E-01  0000.00E+00  0000.00E+00  
178000.E-01  0000.00E+00  0000.00E+00  
180000.E-01  0000.00E+00  0000.00E+00  
182000.E-01  0000.00E+00  0000.00E+00  
184000.E-01  0000.00E+00  0000.00E+00  
186000.E-01  0000.00E+00  0000.00E+00  
188000.E-01  0000.00E+00  0000.00E+00  
190000.E-01  0000.00E+00  0000.00E+00  
192000.E-01  0000.00E+00  0000.00E+00  
194000.E-01  0000.00E+00  0000.00E+00  
196000.E-01  0000.00E+00  0000.00E+00  
198000.E-01  0000.00E+00  0000.00E+00  
200000.E-01  0000.00E+00  0000.00E+00  

 To convert to Energy Lost - multiply by Average Binding Energy =  3  eV/Vacancy
