====== Fe (3500) into Fe                        =======
        SRIM-2013.00
==========================================
    Ion and Target VACANCY production     
  See SRIM Outputs\TDATA.txt for calc. details
==========================================
--------------------------------------------------------------------
    Recoil/Damage Calculations made with Kinchin-Pease Estimates    
--------------------------------------------------------------------
 See file :  SRIM Outputs\TDATA.txt for calculation data
 Ion    = Fe   Energy = 3500 keV
============= TARGET MATERIAL ======================================
Layer  1 : Fe
Layer Width =     2.E+04 A ;
  Layer # 1- Density = 8.481E22 atoms/cm3 = 7.865 g/cm3
  Layer # 1- Fe = 100  Atomic Percent = 100  Mass Percent
====================================================================
 Total Ions calculated =10000.00
 Total Target Vacancies     = 11493 /Ion

==========================================================
  Table Units are  >>>> Vacancies/(Angstrom-Ion)  <<<<  
==========================================================
   TARGET     VACANCIES     VACANCIES 
   DEPTH         by            by     
   (Ang.)       IONS         RECOILS  
-----------  -----------  ------------
200010.E-03  2257.60E-05  3819.61E-04  
400010.E-03  2428.36E-05  4120.50E-04  
600010.E-03  2446.78E-05  3977.65E-04  
800010.E-03  2503.74E-05  4337.36E-04  
100001.E-02  2544.98E-05  4445.99E-04  
120001.E-02  2586.37E-05  4699.77E-04  
140001.E-02  2629.01E-05  4589.61E-04  
160001.E-02  2675.10E-05  4673.29E-04  
180001.E-02  2710.34E-05  5060.73E-04  
200001.E-02  2768.44E-05  4717.36E-04  
220001.E-02  2813.74E-05  4623.43E-04  
240001.E-02  2863.24E-05  5104.65E-04  
260001.E-02  2912.59E-05  5316.50E-04  
280001.E-02  2934.51E-05  5238.34E-04  
300001.E-02  2996.07E-05  5152.67E-04  
320001.E-02  3078.65E-05  5374.24E-04  
340001.E-02  3125.14E-05  5547.03E-04  
360001.E-02  3178.39E-05  5915.13E-04  
380001.E-02  3226.84E-05  6114.56E-04  
400001.E-02  3272.54E-05  5712.77E-04  
420001.E-02  3325.89E-05  6318.30E-04  
440001.E-02  3393.35E-05  6435.68E-04  
460001.E-02  3432.89E-05  6605.03E-04  
480001.E-02  3491.00E-05  7223.37E-04  
500001.E-02  3505.81E-05  6922.76E-04  
520001.E-02  3519.18E-05  7693.13E-04  
540001.E-02  3524.23E-05  7612.52E-04  
560001.E-02  3523.23E-05  7950.35E-04  
580001.E-02  3448.31E-05  8217.22E-04  
600001.E-02  3498.56E-05  8430.53E-04  
620001.E-02  3519.23E-05  8389.82E-04  
640001.E-02  3591.40E-05  9092.60E-04  
660001.E-02  3694.30E-05  9109.87E-04  
680001.E-02  3809.91E-05  9856.28E-04  
700001.E-02  3848.75E-05  1025.87E-03  
720001.E-02  3983.03E-05  1017.37E-03  
740001.E-02  4065.36E-05  1024.26E-03  
760001.E-02  4193.99E-05  1051.90E-03  
780001.E-02  4267.96E-05  1086.51E-03  
800001.E-02  4418.20E-05  1140.87E-03  
820001.E-02  4660.64E-05  1224.96E-03  
840001.E-02  4643.42E-05  1221.56E-03  
860001.E-02  4747.53E-05  1309.73E-03  
880001.E-02  4852.83E-05  1287.57E-03  
900001.E-02  4880.96E-05  1284.77E-03  
920001.E-02  4946.82E-05  1295.58E-03  
940001.E-02  5065.09E-05  1339.88E-03  
960001.E-02  5233.85E-05  1336.42E-03  
980001.E-02  5151.07E-05  1356.85E-03  
100000.E-01  5149.62E-05  1339.23E-03  
102000.E-01  5251.72E-05  1341.89E-03  
104000.E-01  5091.81E-05  1301.36E-03  
106000.E-01  4952.88E-05  1294.49E-03  
108000.E-01  4868.84E-05  1259.79E-03  
110000.E-01  4689.32E-05  1168.91E-03  
112000.E-01  4466.70E-05  1128.01E-03  
114000.E-01  4234.48E-05  1026.19E-03  
116000.E-01  3992.49E-05  9720.26E-04  
118000.E-01  3548.61E-05  8729.43E-04  
120000.E-01  3354.92E-05  7883.74E-04  
122000.E-01  3102.72E-05  7296.07E-04  
124000.E-01  2693.07E-05  6284.16E-04  
126000.E-01  2270.21E-05  5118.81E-04  
128000.E-01  2039.13E-05  4574.38E-04  
130000.E-01  1623.38E-05  3544.86E-04  
132000.E-01  1373.63E-05  3011.18E-04  
134000.E-01  1015.94E-05  1957.37E-04  
136000.E-01  8093.52E-06  1744.58E-04  
138000.E-01  6283.92E-06  1275.10E-04  
140000.E-01  4370.01E-06  9044.65E-05  
142000.E-01  2894.81E-06  5867.48E-05  
144000.E-01  1670.02E-06  3206.39E-05  
146000.E-01  1304.03E-06  2162.33E-05  
148000.E-01  9690.17E-07  1653.29E-05  
150000.E-01  6310.10E-07  1379.04E-05  
152000.E-01  2665.01E-07  5663.89E-06  
154000.E-01  1335.00E-07  2677.76E-06  
156000.E-01  4250.00E-08  4642.66E-07  
158000.E-01  1850.00E-08  2378.32E-07  
160000.E-01  2450.00E-08  5242.41E-07  
162000.E-01  0000.00E+00  0000.00E+00  
164000.E-01  0000.00E+00  0000.00E+00  
166000.E-01  0000.00E+00  0000.00E+00  
168000.E-01  0000.00E+00  0000.00E+00  
170000.E-01  0000.00E+00  0000.00E+00  
172000.E-01  0000.00E+00  0000.00E+00  
174000.E-01  0000.00E+00  0000.00E+00  
176000.E-01  0000.00E+00  0000.00E+00  
178000.E-01  0000.00E+00  0000.00E+00  
180000.E-01  0000.00E+00  0000.00E+00  
182000.E-01  0000.00E+00  0000.00E+00  
184000.E-01  0000.00E+00  0000.00E+00  
186000.E-01  0000.00E+00  0000.00E+00  
188000.E-01  0000.00E+00  0000.00E+00  
190000.E-01  0000.00E+00  0000.00E+00  
192000.E-01  0000.00E+00  0000.00E+00  
194000.E-01  0000.00E+00  0000.00E+00  
196000.E-01  0000.00E+00  0000.00E+00  
198000.E-01  0000.00E+00  0000.00E+00  
200000.E-01  0000.00E+00  0000.00E+00  

 To convert to Energy Lost - multiply by Average Binding Energy =  3  eV/Vacancy
