====== Fe (3500) into Fe                        =======
        SRIM-2013.00
==========================================
    Ion and Target VACANCY production     
  See SRIM Outputs\TDATA.txt for calc. details
==========================================
--------------------------------------------------------------------
    Recoil/Damage Calculations made with Kinchin-Pease Estimates    
--------------------------------------------------------------------
 See file :  SRIM Outputs\TDATA.txt for calculation data
 Ion    = Fe   Energy = 3500 keV
============= TARGET MATERIAL ======================================
Layer  1 : Fe
Layer Width =     2.E+04 A ;
  Layer # 1- Density = 8.481E22 atoms/cm3 = 7.865 g/cm3
  Layer # 1- Fe = 100  Atomic Percent = 100  Mass Percent
====================================================================
 Total Ions calculated =10000.00
 Total Target Vacancies     = 11476 /Ion

==========================================================
  Table Units are  >>>> Vacancies/(Angstrom-Ion)  <<<<  
==========================================================
   TARGET     VACANCIES     VACANCIES 
   DEPTH         by            by     
   (Ang.)       IONS         RECOILS  
-----------  -----------  ------------
200010.E-03  2245.74E-05  3581.02E-04  
400010.E-03  2425.51E-05  4082.37E-04  
600010.E-03  2459.24E-05  4000.77E-04  
800010.E-03  2484.52E-05  4247.18E-04  
100001.E-02  2542.87E-05  4301.75E-04  
120001.E-02  2577.81E-05  4320.90E-04  
140001.E-02  2596.48E-05  4690.99E-04  
160001.E-02  2661.99E-05  4787.01E-04  
180001.E-02  2693.92E-05  4498.91E-04  
200001.E-02  2767.39E-05  4591.85E-04  
220001.E-02  2804.08E-05  4745.28E-04  
240001.E-02  2851.63E-05  5215.11E-04  
260001.E-02  2899.62E-05  4919.72E-04  
280001.E-02  2969.49E-05  5619.42E-04  
300001.E-02  3020.04E-05  5256.06E-04  
320001.E-02  3077.40E-05  5858.91E-04  
340001.E-02  3125.24E-05  5641.18E-04  
360001.E-02  3188.10E-05  6145.18E-04  
380001.E-02  3225.39E-05  5719.87E-04  
400001.E-02  3281.35E-05  6421.24E-04  
420001.E-02  3362.47E-05  6467.86E-04  
440001.E-02  3385.20E-05  7009.74E-04  
460001.E-02  3453.56E-05  6858.31E-04  
480001.E-02  3505.96E-05  7264.92E-04  
500001.E-02  3497.01E-05  7036.71E-04  
520001.E-02  3493.50E-05  7250.05E-04  
540001.E-02  3492.25E-05  7454.66E-04  
560001.E-02  3468.48E-05  7664.00E-04  
580001.E-02  3452.36E-05  8016.05E-04  
600001.E-02  3475.18E-05  8531.54E-04  
620001.E-02  3517.83E-05  9074.85E-04  
640001.E-02  3637.84E-05  8942.95E-04  
660001.E-02  3725.83E-05  8897.16E-04  
680001.E-02  3810.46E-05  9643.58E-04  
700001.E-02  3933.28E-05  1016.59E-03  
720001.E-02  4047.24E-05  1019.07E-03  
740001.E-02  4091.59E-05  1086.61E-03  
760001.E-02  4203.14E-05  1075.77E-03  
780001.E-02  4271.01E-05  1097.89E-03  
800001.E-02  4415.25E-05  1153.97E-03  
820001.E-02  4502.94E-05  1157.87E-03  
840001.E-02  4610.74E-05  1179.08E-03  
860001.E-02  4716.35E-05  1265.87E-03  
880001.E-02  4798.18E-05  1228.80E-03  
900001.E-02  4844.27E-05  1234.47E-03  
920001.E-02  4921.40E-05  1294.27E-03  
940001.E-02  4963.09E-05  1257.19E-03  
960001.E-02  5109.58E-05  1316.40E-03  
980001.E-02  5231.75E-05  1370.99E-03  
100000.E-01  5267.73E-05  1388.97E-03  
102000.E-01  5188.31E-05  1368.40E-03  
104000.E-01  5200.47E-05  1331.45E-03  
106000.E-01  5041.56E-05  1292.53E-03  
108000.E-01  4887.86E-05  1259.63E-03  
110000.E-01  4666.70E-05  1162.64E-03  
112000.E-01  4522.81E-05  1146.89E-03  
114000.E-01  4226.57E-05  1007.42E-03  
116000.E-01  4016.26E-05  9636.56E-04  
118000.E-01  3787.04E-05  9003.47E-04  
120000.E-01  3427.94E-05  8091.48E-04  
122000.E-01  3143.26E-05  7497.01E-04  
124000.E-01  2734.61E-05  6224.05E-04  
126000.E-01  2349.54E-05  5346.72E-04  
128000.E-01  1944.19E-05  4467.32E-04  
130000.E-01  1598.50E-05  3519.13E-04  
132000.E-01  1367.23E-05  2908.11E-04  
134000.E-01  1023.33E-05  2267.99E-04  
136000.E-01  7924.61E-06  1580.59E-04  
138000.E-01  5717.80E-06  1113.35E-04  
140000.E-01  4106.96E-06  8568.26E-05  
142000.E-01  2867.82E-06  5656.71E-05  
144000.E-01  1820.99E-06  3340.24E-05  
146000.E-01  1163.52E-06  2172.87E-05  
148000.E-01  6495.10E-07  1055.22E-05  
150000.E-01  4050.05E-07  6412.42E-06  
152000.E-01  2020.00E-07  3505.51E-06  
154000.E-01  1240.00E-07  2539.16E-06  
156000.E-01  5850.00E-08  8712.65E-07  
158000.E-01  1300.00E-08  2296.01E-07  
160000.E-01  0000.00E+00  0000.00E+00  
162000.E-01  0000.00E+00  0000.00E+00  
164000.E-01  0000.00E+00  0000.00E+00  
166000.E-01  0000.00E+00  0000.00E+00  
168000.E-01  0000.00E+00  0000.00E+00  
170000.E-01  0000.00E+00  0000.00E+00  
172000.E-01  0000.00E+00  0000.00E+00  
174000.E-01  0000.00E+00  0000.00E+00  
176000.E-01  0000.00E+00  0000.00E+00  
178000.E-01  0000.00E+00  0000.00E+00  
180000.E-01  0000.00E+00  0000.00E+00  
182000.E-01  0000.00E+00  0000.00E+00  
184000.E-01  0000.00E+00  0000.00E+00  
186000.E-01  0000.00E+00  0000.00E+00  
188000.E-01  0000.00E+00  0000.00E+00  
190000.E-01  0000.00E+00  0000.00E+00  
192000.E-01  0000.00E+00  0000.00E+00  
194000.E-01  0000.00E+00  0000.00E+00  
196000.E-01  0000.00E+00  0000.00E+00  
198000.E-01  0000.00E+00  0000.00E+00  
200000.E-01  0000.00E+00  0000.00E+00  

 To convert to Energy Lost - multiply by Average Binding Energy =  3  eV/Vacancy
