====== Fe (3500) into Fe                        =======
        SRIM-2013.00
==========================================
    Ion and Target VACANCY production     
  See SRIM Outputs\TDATA.txt for calc. details
==========================================
--------------------------------------------------------------------
    Recoil/Damage Calculations made with Kinchin-Pease Estimates    
--------------------------------------------------------------------
 See file :  SRIM Outputs\TDATA.txt for calculation data
 Ion    = Fe   Energy = 3500 keV
============= TARGET MATERIAL ======================================
Layer  1 : Fe
Layer Width =     2.E+04 A ;
  Layer # 1- Density = 8.481E22 atoms/cm3 = 7.865 g/cm3
  Layer # 1- Fe = 100  Atomic Percent = 100  Mass Percent
====================================================================
 Total Ions calculated =10000.00
 Total Target Vacancies     = 11481 /Ion

==========================================================
  Table Units are  >>>> Vacancies/(Angstrom-Ion)  <<<<  
==========================================================
   TARGET     VACANCIES     VACANCIES 
   DEPTH         by            by     
   (Ang.)       IONS         RECOILS  
-----------  -----------  ------------
200010.E-03  2259.00E-05  4119.99E-04  
400010.E-03  2421.61E-05  4274.37E-04  
600010.E-03  2459.59E-05  4501.27E-04  
800010.E-03  2504.04E-05  4456.55E-04  
100001.E-02  2536.42E-05  4322.77E-04  
120001.E-02  2602.03E-05  4195.69E-04  
140001.E-02  2632.81E-05  4207.62E-04  
160001.E-02  2671.75E-05  4694.44E-04  
180001.E-02  2722.90E-05  4663.70E-04  
200001.E-02  2741.62E-05  5061.96E-04  
220001.E-02  2809.99E-05  5137.29E-04  
240001.E-02  2867.54E-05  5000.89E-04  
260001.E-02  2900.17E-05  5090.06E-04  
280001.E-02  2937.86E-05  5500.09E-04  
300001.E-02  2999.57E-05  5159.03E-04  
320001.E-02  3054.72E-05  5231.00E-04  
340001.E-02  3109.63E-05  5455.61E-04  
360001.E-02  3156.27E-05  5411.44E-04  
380001.E-02  3243.21E-05  6065.21E-04  
400001.E-02  3276.29E-05  5786.68E-04  
420001.E-02  3335.70E-05  6197.21E-04  
440001.E-02  3408.07E-05  6413.46E-04  
460001.E-02  3464.92E-05  6853.18E-04  
480001.E-02  3505.86E-05  7011.71E-04  
500001.E-02  3559.02E-05  7452.27E-04  
520001.E-02  3546.45E-05  7131.78E-04  
540001.E-02  3532.99E-05  7775.68E-04  
560001.E-02  3482.69E-05  7683.36E-04  
580001.E-02  3478.24E-05  7979.90E-04  
600001.E-02  3481.34E-05  8709.01E-04  
620001.E-02  3530.84E-05  8473.19E-04  
640001.E-02  3603.61E-05  8955.85E-04  
660001.E-02  3721.27E-05  9442.20E-04  
680001.E-02  3778.33E-05  9674.73E-04  
700001.E-02  3899.05E-05  1014.32E-03  
720001.E-02  4000.75E-05  1010.65E-03  
740001.E-02  4103.50E-05  1010.43E-03  
760001.E-02  4229.52E-05  1068.58E-03  
780001.E-02  4331.57E-05  1155.02E-03  
800001.E-02  4440.58E-05  1174.39E-03  
820001.E-02  4556.14E-05  1160.65E-03  
840001.E-02  4655.19E-05  1207.15E-03  
860001.E-02  4714.99E-05  1207.10E-03  
880001.E-02  4761.39E-05  1297.97E-03  
900001.E-02  4883.31E-05  1269.73E-03  
920001.E-02  4916.39E-05  1270.10E-03  
940001.E-02  5020.69E-05  1338.98E-03  
960001.E-02  5060.53E-05  1332.17E-03  
980001.E-02  5100.07E-05  1318.81E-03  
100000.E-01  5077.75E-05  1328.40E-03  
102000.E-01  5186.80E-05  1317.16E-03  
104000.E-01  5151.92E-05  1324.34E-03  
106000.E-01  4974.95E-05  1299.82E-03  
108000.E-01  4905.08E-05  1266.54E-03  
110000.E-01  4742.42E-05  1177.61E-03  
112000.E-01  4563.40E-05  1157.91E-03  
114000.E-01  4375.11E-05  1062.61E-03  
116000.E-01  3966.06E-05  9710.58E-04  
118000.E-01  3702.36E-05  9158.60E-04  
120000.E-01  3420.88E-05  7948.69E-04  
122000.E-01  3031.50E-05  7026.17E-04  
124000.E-01  2661.09E-05  6108.52E-04  
126000.E-01  2267.46E-05  5232.79E-04  
128000.E-01  1969.47E-05  4486.12E-04  
130000.E-01  1685.24E-05  3783.28E-04  
132000.E-01  1367.43E-05  2944.63E-04  
134000.E-01  1056.17E-05  2030.18E-04  
136000.E-01  8133.99E-06  1706.36E-04  
138000.E-01  6413.44E-06  1303.89E-04  
140000.E-01  4652.07E-06  9078.48E-05  
142000.E-01  3275.78E-06  6259.36E-05  
144000.E-01  2173.94E-06  4350.69E-05  
146000.E-01  1643.02E-06  3196.20E-05  
148000.E-01  1079.02E-06  2038.48E-05  
150000.E-01  5650.08E-07  9810.06E-06  
152000.E-01  4345.05E-07  5795.20E-06  
154000.E-01  1800.00E-07  3566.54E-06  
156000.E-01  8999.99E-08  1785.14E-06  
158000.E-01  5000.00E-09  7780.90E-09  
160000.E-01  1500.00E-08  7433.77E-07  
162000.E-01  1850.00E-08  1319.89E-07  
164000.E-01  0000.00E+00  0000.00E+00  
166000.E-01  0000.00E+00  0000.00E+00  
168000.E-01  0000.00E+00  0000.00E+00  
170000.E-01  0000.00E+00  0000.00E+00  
172000.E-01  0000.00E+00  0000.00E+00  
174000.E-01  0000.00E+00  0000.00E+00  
176000.E-01  0000.00E+00  0000.00E+00  
178000.E-01  0000.00E+00  0000.00E+00  
180000.E-01  0000.00E+00  0000.00E+00  
182000.E-01  0000.00E+00  0000.00E+00  
184000.E-01  0000.00E+00  0000.00E+00  
186000.E-01  0000.00E+00  0000.00E+00  
188000.E-01  0000.00E+00  0000.00E+00  
190000.E-01  0000.00E+00  0000.00E+00  
192000.E-01  0000.00E+00  0000.00E+00  
194000.E-01  0000.00E+00  0000.00E+00  
196000.E-01  0000.00E+00  0000.00E+00  
198000.E-01  0000.00E+00  0000.00E+00  
200000.E-01  0000.00E+00  0000.00E+00  

 To convert to Energy Lost - multiply by Average Binding Energy =  3  eV/Vacancy
