====== Fe (3500) into Fe                        =======
        SRIM-2013.00
==========================================
    Ion and Target VACANCY production     
  See SRIM Outputs\TDATA.txt for calc. details
==========================================
--------------------------------------------------------------------
    Recoil/Damage Calculations made with Kinchin-Pease Estimates    
--------------------------------------------------------------------
 See file :  SRIM Outputs\TDATA.txt for calculation data
 Ion    = Fe   Energy = 3500 keV
============= TARGET MATERIAL ======================================
Layer  1 : Fe
Layer Width =     2.E+04 A ;
  Layer # 1- Density = 8.481E22 atoms/cm3 = 7.865 g/cm3
  Layer # 1- Fe = 100  Atomic Percent = 100  Mass Percent
====================================================================
 Total Ions calculated =10000.00
 Total Target Vacancies     = 11511 /Ion

==========================================================
  Table Units are  >>>> Vacancies/(Angstrom-Ion)  <<<<  
==========================================================
   TARGET     VACANCIES     VACANCIES 
   DEPTH         by            by     
   (Ang.)       IONS         RECOILS  
-----------  -----------  ------------
200010.E-03  2252.29E-05  3502.48E-04  
400010.E-03  2431.37E-05  4109.99E-04  
600010.E-03  2462.75E-05  4082.41E-04  
800010.E-03  2492.03E-05  4202.27E-04  
100001.E-02  2545.88E-05  4718.54E-04  
120001.E-02  2588.62E-05  4487.03E-04  
140001.E-02  2625.36E-05  4435.20E-04  
160001.E-02  2678.01E-05  4830.37E-04  
180001.E-02  2726.00E-05  4920.48E-04  
200001.E-02  2767.49E-05  4568.57E-04  
220001.E-02  2791.12E-05  5053.54E-04  
240001.E-02  2856.68E-05  5160.93E-04  
260001.E-02  2906.98E-05  5381.92E-04  
280001.E-02  2961.98E-05  5390.30E-04  
300001.E-02  3039.31E-05  5140.13E-04  
320001.E-02  3069.19E-05  5482.33E-04  
340001.E-02  3120.19E-05  6117.48E-04  
360001.E-02  3170.64E-05  5958.83E-04  
380001.E-02  3221.14E-05  5704.44E-04  
400001.E-02  3242.51E-05  5893.90E-04  
420001.E-02  3335.55E-05  6425.49E-04  
440001.E-02  3389.05E-05  6548.95E-04  
460001.E-02  3438.70E-05  6741.39E-04  
480001.E-02  3494.45E-05  7381.29E-04  
500001.E-02  3510.77E-05  6962.61E-04  
520001.E-02  3557.51E-05  7907.73E-04  
540001.E-02  3527.49E-05  7928.70E-04  
560001.E-02  3524.93E-05  7956.81E-04  
580001.E-02  3452.66E-05  7734.78E-04  
600001.E-02  3463.72E-05  8341.36E-04  
620001.E-02  3508.97E-05  8648.58E-04  
640001.E-02  3572.93E-05  9213.27E-04  
660001.E-02  3729.03E-05  9630.38E-04  
680001.E-02  3807.86E-05  9681.24E-04  
700001.E-02  3914.91E-05  1003.72E-03  
720001.E-02  4053.55E-05  1080.28E-03  
740001.E-02  4157.15E-05  1099.95E-03  
760001.E-02  4211.40E-05  1111.74E-03  
780001.E-02  4298.44E-05  1093.93E-03  
800001.E-02  4491.03E-05  1186.18E-03  
820001.E-02  4597.68E-05  1192.82E-03  
840001.E-02  4642.42E-05  1163.38E-03  
860001.E-02  4744.57E-05  1218.00E-03  
880001.E-02  4788.62E-05  1244.57E-03  
900001.E-02  4914.49E-05  1320.50E-03  
920001.E-02  5026.50E-05  1333.85E-03  
940001.E-02  5082.15E-05  1272.49E-03  
960001.E-02  5132.55E-05  1308.43E-03  
980001.E-02  5192.51E-05  1350.19E-03  
100000.E-01  5185.35E-05  1356.82E-03  
102000.E-01  5215.08E-05  1333.70E-03  
104000.E-01  5160.73E-05  1326.55E-03  
106000.E-01  5070.44E-05  1305.51E-03  
108000.E-01  4740.77E-05  1192.49E-03  
110000.E-01  4621.40E-05  1173.70E-03  
112000.E-01  4446.83E-05  1085.14E-03  
114000.E-01  4172.81E-05  1054.18E-03  
116000.E-01  3909.06E-05  9818.24E-04  
118000.E-01  3682.39E-05  8753.00E-04  
120000.E-01  3383.80E-05  8046.14E-04  
122000.E-01  3123.74E-05  7279.33E-04  
124000.E-01  2709.89E-05  6351.62E-04  
126000.E-01  2302.89E-05  5292.67E-04  
128000.E-01  1891.44E-05  4231.78E-04  
130000.E-01  1623.73E-05  3634.61E-04  
132000.E-01  1276.94E-05  2711.63E-04  
134000.E-01  9968.98E-06  2038.97E-04  
136000.E-01  7714.72E-06  1589.03E-04  
138000.E-01  6050.87E-06  1199.14E-04  
140000.E-01  3780.39E-06  7715.73E-05  
142000.E-01  3064.29E-06  6018.11E-05  
144000.E-01  1918.48E-06  3420.17E-05  
146000.E-01  1321.53E-06  2365.99E-05  
148000.E-01  6465.10E-07  1296.52E-05  
150000.E-01  3140.02E-07  4658.89E-06  
152000.E-01  2985.02E-07  7047.77E-06  
154000.E-01  1295.00E-07  2882.49E-06  
156000.E-01  6150.00E-08  6227.49E-07  
158000.E-01  2200.00E-08  6624.93E-07  
160000.E-01  0000.00E+00  0000.00E+00  
162000.E-01  0000.00E+00  0000.00E+00  
164000.E-01  0000.00E+00  0000.00E+00  
166000.E-01  0000.00E+00  0000.00E+00  
168000.E-01  0000.00E+00  0000.00E+00  
170000.E-01  0000.00E+00  0000.00E+00  
172000.E-01  0000.00E+00  0000.00E+00  
174000.E-01  0000.00E+00  0000.00E+00  
176000.E-01  0000.00E+00  0000.00E+00  
178000.E-01  0000.00E+00  0000.00E+00  
180000.E-01  0000.00E+00  0000.00E+00  
182000.E-01  0000.00E+00  0000.00E+00  
184000.E-01  0000.00E+00  0000.00E+00  
186000.E-01  0000.00E+00  0000.00E+00  
188000.E-01  0000.00E+00  0000.00E+00  
190000.E-01  0000.00E+00  0000.00E+00  
192000.E-01  0000.00E+00  0000.00E+00  
194000.E-01  0000.00E+00  0000.00E+00  
196000.E-01  0000.00E+00  0000.00E+00  
198000.E-01  0000.00E+00  0000.00E+00  
200000.E-01  0000.00E+00  0000.00E+00  

 To convert to Energy Lost - multiply by Average Binding Energy =  3  eV/Vacancy
