====== Fe (3500) into Fe                        =======
        SRIM-2013.00
==========================================
    Ion and Target VACANCY production     
  See SRIM Outputs\TDATA.txt for calc. details
==========================================
--------------------------------------------------------------------
    Recoil/Damage Calculations made with Kinchin-Pease Estimates    
--------------------------------------------------------------------
 See file :  SRIM Outputs\TDATA.txt for calculation data
 Ion    = Fe   Energy = 3500 keV
============= TARGET MATERIAL ======================================
Layer  1 : Fe
Layer Width =     2.E+04 A ;
  Layer # 1- Density = 8.481E22 atoms/cm3 = 7.865 g/cm3
  Layer # 1- Fe = 100  Atomic Percent = 100  Mass Percent
====================================================================
 Total Ions calculated =10000.00
 Total Target Vacancies     = 11507 /Ion

==========================================================
  Table Units are  >>>> Vacancies/(Angstrom-Ion)  <<<<  
==========================================================
   TARGET     VACANCIES     VACANCIES 
   DEPTH         by            by     
   (Ang.)       IONS         RECOILS  
-----------  -----------  ------------
200010.E-03  2245.48E-05  3649.28E-04  
400010.E-03  2433.27E-05  4237.24E-04  
600010.E-03  2459.59E-05  4188.90E-04  
800010.E-03  2501.48E-05  4454.02E-04  
100001.E-02  2543.13E-05  4206.99E-04  
120001.E-02  2588.17E-05  4276.73E-04  
140001.E-02  2620.65E-05  4417.94E-04  
160001.E-02  2649.33E-05  4678.85E-04  
180001.E-02  2711.94E-05  4566.02E-04  
200001.E-02  2759.89E-05  4808.93E-04  
220001.E-02  2803.58E-05  5088.54E-04  
240001.E-02  2852.98E-05  4947.00E-04  
260001.E-02  2908.48E-05  5317.07E-04  
280001.E-02  2961.13E-05  5119.72E-04  
300001.E-02  3042.16E-05  5631.45E-04  
320001.E-02  3075.84E-05  5760.47E-04  
340001.E-02  3106.77E-05  5578.75E-04  
360001.E-02  3180.85E-05  5517.66E-04  
380001.E-02  3240.31E-05  6083.07E-04  
400001.E-02  3293.91E-05  6167.55E-04  
420001.E-02  3338.65E-05  6062.21E-04  
440001.E-02  3384.40E-05  6872.63E-04  
460001.E-02  3448.81E-05  7288.73E-04  
480001.E-02  3473.38E-05  7245.51E-04  
500001.E-02  3524.83E-05  7105.01E-04  
520001.E-02  3559.12E-05  7714.68E-04  
540001.E-02  3516.17E-05  7620.77E-04  
560001.E-02  3502.96E-05  7828.72E-04  
580001.E-02  3481.39E-05  7941.51E-04  
600001.E-02  3502.01E-05  8690.33E-04  
620001.E-02  3531.74E-05  8830.73E-04  
640001.E-02  3628.38E-05  9250.97E-04  
660001.E-02  3713.17E-05  9184.08E-04  
680001.E-02  3803.10E-05  9947.11E-04  
700001.E-02  3890.94E-05  9533.39E-04  
720001.E-02  3989.44E-05  1031.47E-03  
740001.E-02  4124.22E-05  1058.14E-03  
760001.E-02  4155.25E-05  1082.55E-03  
780001.E-02  4302.29E-05  1073.09E-03  
800001.E-02  4438.57E-05  1196.50E-03  
820001.E-02  4479.71E-05  1156.84E-03  
840001.E-02  4601.93E-05  1221.32E-03  
860001.E-02  4702.23E-05  1210.75E-03  
880001.E-02  4816.89E-05  1265.74E-03  
900001.E-02  4863.74E-05  1261.58E-03  
920001.E-02  4991.11E-05  1289.45E-03  
940001.E-02  5100.12E-05  1352.27E-03  
960001.E-02  5167.08E-05  1365.67E-03  
980001.E-02  5197.11E-05  1343.12E-03  
100000.E-01  5180.30E-05  1342.85E-03  
102000.E-01  5161.68E-05  1298.33E-03  
104000.E-01  5111.08E-05  1303.70E-03  
106000.E-01  4985.66E-05  1307.77E-03  
108000.E-01  4951.57E-05  1273.27E-03  
110000.E-01  4824.05E-05  1212.95E-03  
112000.E-01  4598.23E-05  1128.73E-03  
114000.E-01  4240.03E-05  1052.56E-03  
116000.E-01  4018.16E-05  9800.75E-04  
118000.E-01  3666.12E-05  9008.86E-04  
120000.E-01  3305.02E-05  7882.11E-04  
122000.E-01  2954.78E-05  6754.75E-04  
124000.E-01  2686.21E-05  6343.84E-04  
126000.E-01  2337.27E-05  5346.14E-04  
128000.E-01  1974.77E-05  4463.42E-04  
130000.E-01  1604.66E-05  3519.63E-04  
132000.E-01  1256.86E-05  2796.14E-04  
134000.E-01  1039.63E-05  2086.41E-04  
136000.E-01  7795.68E-06  1672.42E-04  
138000.E-01  5882.34E-06  1239.05E-04  
140000.E-01  4602.06E-06  9117.43E-05  
142000.E-01  2726.84E-06  5054.85E-05  
144000.E-01  1967.97E-06  3958.72E-05  
146000.E-01  1327.03E-06  2522.45E-05  
148000.E-01  6080.09E-07  1131.86E-05  
150000.E-01  3510.03E-07  6303.19E-06  
152000.E-01  1680.00E-07  3138.32E-06  
154000.E-01  1395.00E-07  1965.94E-06  
156000.E-01  6850.00E-08  1136.67E-06  
158000.E-01  0000.00E+00  0000.00E+00  
160000.E-01  0000.00E+00  0000.00E+00  
162000.E-01  0000.00E+00  0000.00E+00  
164000.E-01  0000.00E+00  0000.00E+00  
166000.E-01  0000.00E+00  0000.00E+00  
168000.E-01  0000.00E+00  0000.00E+00  
170000.E-01  0000.00E+00  0000.00E+00  
172000.E-01  0000.00E+00  0000.00E+00  
174000.E-01  0000.00E+00  0000.00E+00  
176000.E-01  0000.00E+00  0000.00E+00  
178000.E-01  0000.00E+00  0000.00E+00  
180000.E-01  0000.00E+00  0000.00E+00  
182000.E-01  0000.00E+00  0000.00E+00  
184000.E-01  0000.00E+00  0000.00E+00  
186000.E-01  0000.00E+00  0000.00E+00  
188000.E-01  0000.00E+00  0000.00E+00  
190000.E-01  0000.00E+00  0000.00E+00  
192000.E-01  0000.00E+00  0000.00E+00  
194000.E-01  0000.00E+00  0000.00E+00  
196000.E-01  0000.00E+00  0000.00E+00  
198000.E-01  0000.00E+00  0000.00E+00  
200000.E-01  0000.00E+00  0000.00E+00  

 To convert to Energy Lost - multiply by Average Binding Energy =  3  eV/Vacancy
