====== Fe (3500) into Fe                        =======
        SRIM-2013.00
==========================================
    Ion and Target VACANCY production     
  See SRIM Outputs\TDATA.txt for calc. details
==========================================
--------------------------------------------------------------------
    Recoil/Damage Calculations made with Kinchin-Pease Estimates    
--------------------------------------------------------------------
 See file :  SRIM Outputs\TDATA.txt for calculation data
 Ion    = Fe   Energy = 3500 keV
============= TARGET MATERIAL ======================================
Layer  1 : Fe
Layer Width =     2.E+04 A ;
  Layer # 1- Density = 8.481E22 atoms/cm3 = 7.865 g/cm3
  Layer # 1- Fe = 100  Atomic Percent = 100  Mass Percent
====================================================================
 Total Ions calculated =10000.00
 Total Target Vacancies     = 11489 /Ion

==========================================================
  Table Units are  >>>> Vacancies/(Angstrom-Ion)  <<<<  
==========================================================
   TARGET     VACANCIES     VACANCIES 
   DEPTH         by            by     
   (Ang.)       IONS         RECOILS  
-----------  -----------  ------------
200010.E-03  2260.05E-05  3656.53E-04  
400010.E-03  2428.36E-05  4296.81E-04  
600010.E-03  2463.95E-05  4256.59E-04  
800010.E-03  2491.67E-05  4272.14E-04  
100001.E-02  2570.85E-05  3924.42E-04  
120001.E-02  2580.81E-05  4444.94E-04  
140001.E-02  2624.10E-05  4847.28E-04  
160001.E-02  2658.29E-05  5007.59E-04  
180001.E-02  2718.95E-05  5231.92E-04  
200001.E-02  2782.51E-05  5200.34E-04  
220001.E-02  2828.65E-05  4985.46E-04  
240001.E-02  2857.98E-05  5040.11E-04  
260001.E-02  2906.73E-05  5025.20E-04  
280001.E-02  2957.98E-05  5204.80E-04  
300001.E-02  3016.74E-05  5480.68E-04  
320001.E-02  3071.79E-05  5389.72E-04  
340001.E-02  3105.52E-05  5558.54E-04  
360001.E-02  3157.12E-05  6101.34E-04  
380001.E-02  3234.45E-05  5757.43E-04  
400001.E-02  3288.70E-05  6036.51E-04  
420001.E-02  3320.23E-05  6265.15E-04  
440001.E-02  3384.80E-05  6370.58E-04  
460001.E-02  3430.79E-05  6682.08E-04  
480001.E-02  3467.08E-05  7137.70E-04  
500001.E-02  3517.33E-05  7198.14E-04  
520001.E-02  3541.85E-05  7097.96E-04  
540001.E-02  3549.96E-05  7575.68E-04  
560001.E-02  3557.36E-05  7844.72E-04  
580001.E-02  3465.57E-05  8320.45E-04  
600001.E-02  3460.22E-05  8176.45E-04  
620001.E-02  3555.36E-05  8532.77E-04  
640001.E-02  3647.55E-05  8985.43E-04  
660001.E-02  3686.89E-05  9632.61E-04  
680001.E-02  3715.47E-05  9837.29E-04  
700001.E-02  3847.70E-05  9893.77E-04  
720001.E-02  3963.01E-05  9711.58E-04  
740001.E-02  4062.76E-05  9956.03E-04  
760001.E-02  4202.04E-05  1099.41E-03  
780001.E-02  4309.50E-05  1114.26E-03  
800001.E-02  4471.31E-05  1154.23E-03  
820001.E-02  4578.96E-05  1185.48E-03  
840001.E-02  4665.15E-05  1199.64E-03  
860001.E-02  4769.90E-05  1294.95E-03  
880001.E-02  4830.46E-05  1266.44E-03  
900001.E-02  4955.63E-05  1318.96E-03  
920001.E-02  4985.21E-05  1297.92E-03  
940001.E-02  5050.67E-05  1308.71E-03  
960001.E-02  5070.49E-05  1284.15E-03  
980001.E-02  5085.16E-05  1314.83E-03  
100000.E-01  5027.40E-05  1310.73E-03  
102000.E-01  5058.08E-05  1296.81E-03  
104000.E-01  5027.90E-05  1313.59E-03  
106000.E-01  4954.98E-05  1269.04E-03  
108000.E-01  4873.35E-05  1252.09E-03  
110000.E-01  4682.16E-05  1137.44E-03  
112000.E-01  4457.24E-05  1075.38E-03  
114000.E-01  4285.22E-05  1059.44E-03  
116000.E-01  4175.12E-05  9897.17E-04  
118000.E-01  3831.98E-05  9106.42E-04  
120000.E-01  3413.37E-05  7802.18E-04  
122000.E-01  3034.15E-05  6991.71E-04  
124000.E-01  2706.38E-05  6348.57E-04  
126000.E-01  2448.33E-05  5620.43E-04  
128000.E-01  2148.04E-05  4943.27E-04  
130000.E-01  1809.16E-05  4055.58E-04  
132000.E-01  1428.44E-05  3046.85E-04  
134000.E-01  1100.39E-05  2373.35E-04  
136000.E-01  8599.24E-06  1764.79E-04  
138000.E-01  6732.26E-06  1399.08E-04  
140000.E-01  4369.01E-06  8503.04E-05  
142000.E-01  3311.79E-06  6403.32E-05  
144000.E-01  2175.44E-06  4444.53E-05  
146000.E-01  1384.53E-06  2517.85E-05  
148000.E-01  8755.15E-07  1331.75E-05  
150000.E-01  3890.04E-07  6043.01E-06  
152000.E-01  3015.02E-07  6159.37E-06  
154000.E-01  1625.00E-07  2747.09E-06  
156000.E-01  1115.00E-07  1831.29E-06  
158000.E-01  4600.00E-08  1031.11E-06  
160000.E-01  0000.00E+00  0000.00E+00  
162000.E-01  0000.00E+00  0000.00E+00  
164000.E-01  0000.00E+00  0000.00E+00  
166000.E-01  0000.00E+00  0000.00E+00  
168000.E-01  0000.00E+00  0000.00E+00  
170000.E-01  0000.00E+00  0000.00E+00  
172000.E-01  0000.00E+00  0000.00E+00  
174000.E-01  0000.00E+00  0000.00E+00  
176000.E-01  0000.00E+00  0000.00E+00  
178000.E-01  0000.00E+00  0000.00E+00  
180000.E-01  0000.00E+00  0000.00E+00  
182000.E-01  0000.00E+00  0000.00E+00  
184000.E-01  0000.00E+00  0000.00E+00  
186000.E-01  0000.00E+00  0000.00E+00  
188000.E-01  0000.00E+00  0000.00E+00  
190000.E-01  0000.00E+00  0000.00E+00  
192000.E-01  0000.00E+00  0000.00E+00  
194000.E-01  0000.00E+00  0000.00E+00  
196000.E-01  0000.00E+00  0000.00E+00  
198000.E-01  0000.00E+00  0000.00E+00  
200000.E-01  0000.00E+00  0000.00E+00  

 To convert to Energy Lost - multiply by Average Binding Energy =  3  eV/Vacancy
