====== Fe (3500) into Fe                        =======
        SRIM-2013.00
==========================================
    Ion and Target VACANCY production     
  See SRIM Outputs\TDATA.txt for calc. details
==========================================
--------------------------------------------------------------------
    Recoil/Damage Calculations made with Kinchin-Pease Estimates    
--------------------------------------------------------------------
 See file :  SRIM Outputs\TDATA.txt for calculation data
 Ion    = Fe   Energy = 3500 keV
============= TARGET MATERIAL ======================================
Layer  1 : Fe
Layer Width =     2.E+04 A ;
  Layer # 1- Density = 8.481E22 atoms/cm3 = 7.865 g/cm3
  Layer # 1- Fe = 100  Atomic Percent = 100  Mass Percent
====================================================================
 Total Ions calculated =10000.00
 Total Target Vacancies     = 11475 /Ion

==========================================================
  Table Units are  >>>> Vacancies/(Angstrom-Ion)  <<<<  
==========================================================
   TARGET     VACANCIES     VACANCIES 
   DEPTH         by            by     
   (Ang.)       IONS         RECOILS  
-----------  -----------  ------------
200010.E-03  2266.76E-05  3617.09E-04  
400010.E-03  2425.76E-05  4077.26E-04  
600010.E-03  2459.39E-05  4153.69E-04  
800010.E-03  2511.64E-05  3825.10E-04  
100001.E-02  2546.48E-05  4573.76E-04  
120001.E-02  2563.90E-05  4436.87E-04  
140001.E-02  2621.60E-05  4566.33E-04  
160001.E-02  2671.05E-05  4288.37E-04  
180001.E-02  2717.09E-05  4766.79E-04  
200001.E-02  2752.83E-05  4431.82E-04  
220001.E-02  2809.74E-05  4706.34E-04  
240001.E-02  2850.93E-05  5461.44E-04  
260001.E-02  2907.93E-05  5463.37E-04  
280001.E-02  2973.24E-05  5230.03E-04  
300001.E-02  2991.66E-05  5737.35E-04  
320001.E-02  3062.28E-05  5586.79E-04  
340001.E-02  3121.39E-05  5854.53E-04  
360001.E-02  3187.80E-05  5892.51E-04  
380001.E-02  3255.37E-05  6296.14E-04  
400001.E-02  3300.76E-05  6332.18E-04  
420001.E-02  3330.94E-05  6171.01E-04  
440001.E-02  3423.43E-05  6621.79E-04  
460001.E-02  3449.46E-05  6767.36E-04  
480001.E-02  3511.22E-05  6572.71E-04  
500001.E-02  3567.22E-05  7397.97E-04  
520001.E-02  3556.21E-05  7572.18E-04  
540001.E-02  3513.67E-05  7739.80E-04  
560001.E-02  3491.30E-05  7985.45E-04  
580001.E-02  3477.44E-05  8692.86E-04  
600001.E-02  3511.17E-05  8411.56E-04  
620001.E-02  3494.80E-05  8556.00E-04  
640001.E-02  3602.31E-05  8781.82E-04  
660001.E-02  3653.36E-05  8871.18E-04  
680001.E-02  3762.06E-05  9169.70E-04  
700001.E-02  3877.43E-05  1002.03E-03  
720001.E-02  4000.95E-05  1053.22E-03  
740001.E-02  4056.30E-05  1010.46E-03  
760001.E-02  4136.48E-05  1030.83E-03  
780001.E-02  4292.23E-05  1139.29E-03  
800001.E-02  4306.55E-05  1099.99E-03  
820001.E-02  4405.09E-05  1110.59E-03  
840001.E-02  4582.46E-05  1172.62E-03  
860001.E-02  4663.74E-05  1220.42E-03  
880001.E-02  4804.78E-05  1236.27E-03  
900001.E-02  4915.09E-05  1280.03E-03  
920001.E-02  5002.12E-05  1313.24E-03  
940001.E-02  5220.89E-05  1396.32E-03  
960001.E-02  5164.33E-05  1427.29E-03  
980001.E-02  5139.31E-05  1309.13E-03  
100000.E-01  5066.04E-05  1295.52E-03  
102000.E-01  5181.45E-05  1328.22E-03  
104000.E-01  5091.81E-05  1309.99E-03  
106000.E-01  5043.56E-05  1262.09E-03  
108000.E-01  4902.03E-05  1282.66E-03  
110000.E-01  4734.81E-05  1175.99E-03  
112000.E-01  4529.01E-05  1125.70E-03  
114000.E-01  4169.71E-05  1034.09E-03  
116000.E-01  4002.20E-05  9355.11E-04  
118000.E-01  3771.52E-05  9241.06E-04  
120000.E-01  3492.70E-05  8263.80E-04  
122000.E-01  3143.31E-05  7176.05E-04  
124000.E-01  2748.18E-05  6314.46E-04  
126000.E-01  2456.89E-05  5466.30E-04  
128000.E-01  2008.45E-05  4493.68E-04  
130000.E-01  1739.24E-05  3749.73E-04  
132000.E-01  1401.86E-05  3092.71E-04  
134000.E-01  1135.32E-05  2388.13E-04  
136000.E-01  7800.18E-06  1556.87E-04  
138000.E-01  6016.36E-06  1259.27E-04  
140000.E-01  4657.57E-06  9094.23E-05  
142000.E-01  3504.33E-06  7281.65E-05  
144000.E-01  2127.94E-06  3871.81E-05  
146000.E-01  1232.52E-06  2565.75E-05  
148000.E-01  5955.09E-07  1066.43E-05  
150000.E-01  3885.04E-07  8132.80E-06  
152000.E-01  1150.00E-07  1864.19E-06  
154000.E-01  6100.00E-08  5409.96E-07  
156000.E-01  4850.00E-08  6333.18E-07  
158000.E-01  0000.00E+00  0000.00E+00  
160000.E-01  0000.00E+00  0000.00E+00  
162000.E-01  0000.00E+00  0000.00E+00  
164000.E-01  0000.00E+00  0000.00E+00  
166000.E-01  0000.00E+00  0000.00E+00  
168000.E-01  0000.00E+00  0000.00E+00  
170000.E-01  0000.00E+00  0000.00E+00  
172000.E-01  0000.00E+00  0000.00E+00  
174000.E-01  0000.00E+00  0000.00E+00  
176000.E-01  0000.00E+00  0000.00E+00  
178000.E-01  0000.00E+00  0000.00E+00  
180000.E-01  0000.00E+00  0000.00E+00  
182000.E-01  0000.00E+00  0000.00E+00  
184000.E-01  0000.00E+00  0000.00E+00  
186000.E-01  0000.00E+00  0000.00E+00  
188000.E-01  0000.00E+00  0000.00E+00  
190000.E-01  0000.00E+00  0000.00E+00  
192000.E-01  0000.00E+00  0000.00E+00  
194000.E-01  0000.00E+00  0000.00E+00  
196000.E-01  0000.00E+00  0000.00E+00  
198000.E-01  0000.00E+00  0000.00E+00  
200000.E-01  0000.00E+00  0000.00E+00  

 To convert to Energy Lost - multiply by Average Binding Energy =  3  eV/Vacancy
