====== Fe (3500) into Fe                        =======
        SRIM-2013.00
==========================================
    Ion and Target VACANCY production     
  See SRIM Outputs\TDATA.txt for calc. details
==========================================
--------------------------------------------------------------------
    Recoil/Damage Calculations made with Kinchin-Pease Estimates    
--------------------------------------------------------------------
 See file :  SRIM Outputs\TDATA.txt for calculation data
 Ion    = Fe   Energy = 3500 keV
============= TARGET MATERIAL ======================================
Layer  1 : Fe
Layer Width =     2.E+04 A ;
  Layer # 1- Density = 8.481E22 atoms/cm3 = 7.865 g/cm3
  Layer # 1- Fe = 100  Atomic Percent = 100  Mass Percent
====================================================================
 Total Ions calculated =10000.00
 Total Target Vacancies     = 11485 /Ion

==========================================================
  Table Units are  >>>> Vacancies/(Angstrom-Ion)  <<<<  
==========================================================
   TARGET     VACANCIES     VACANCIES 
   DEPTH         by            by     
   (Ang.)       IONS         RECOILS  
-----------  -----------  ------------
200010.E-03  2263.00E-05  3958.99E-04  
400010.E-03  2412.00E-05  3723.66E-04  
600010.E-03  2469.60E-05  3909.40E-04  
800010.E-03  2512.45E-05  4062.45E-04  
100001.E-02  2550.18E-05  4000.31E-04  
120001.E-02  2576.86E-05  4362.21E-04  
140001.E-02  2619.45E-05  4481.78E-04  
160001.E-02  2653.88E-05  4756.70E-04  
180001.E-02  2700.43E-05  4975.64E-04  
200001.E-02  2757.03E-05  5080.01E-04  
220001.E-02  2798.82E-05  5087.21E-04  
240001.E-02  2853.68E-05  5174.76E-04  
260001.E-02  2889.21E-05  4828.26E-04  
280001.E-02  2957.53E-05  5674.96E-04  
300001.E-02  3034.55E-05  5301.00E-04  
320001.E-02  3059.33E-05  5206.94E-04  
340001.E-02  3123.04E-05  6150.43E-04  
360001.E-02  3185.15E-05  5511.13E-04  
380001.E-02  3216.08E-05  5818.78E-04  
400001.E-02  3283.40E-05  6390.92E-04  
420001.E-02  3349.41E-05  6200.75E-04  
440001.E-02  3404.11E-05  6411.11E-04  
460001.E-02  3471.63E-05  6918.65E-04  
480001.E-02  3493.30E-05  7017.79E-04  
500001.E-02  3548.36E-05  7545.85E-04  
520001.E-02  3569.58E-05  7505.01E-04  
540001.E-02  3537.50E-05  7881.79E-04  
560001.E-02  3487.80E-05  8213.61E-04  
580001.E-02  3497.61E-05  8152.19E-04  
600001.E-02  3525.23E-05  8661.78E-04  
620001.E-02  3586.59E-05  8871.15E-04  
640001.E-02  3595.05E-05  8561.45E-04  
660001.E-02  3655.21E-05  9010.16E-04  
680001.E-02  3732.08E-05  9543.52E-04  
700001.E-02  3909.81E-05  9875.73E-04  
720001.E-02  3988.13E-05  9669.60E-04  
740001.E-02  4161.35E-05  1072.95E-03  
760001.E-02  4128.47E-05  1071.94E-03  
780001.E-02  4327.97E-05  1192.73E-03  
800001.E-02  4456.74E-05  1101.42E-03  
820001.E-02  4543.93E-05  1173.87E-03  
840001.E-02  4558.49E-05  1155.34E-03  
860001.E-02  4687.97E-05  1293.90E-03  
880001.E-02  4729.96E-05  1222.81E-03  
900001.E-02  4893.97E-05  1259.65E-03  
920001.E-02  4953.93E-05  1256.53E-03  
940001.E-02  5087.56E-05  1315.57E-03  
960001.E-02  5109.08E-05  1289.53E-03  
980001.E-02  5098.32E-05  1348.79E-03  
100000.E-01  5067.39E-05  1319.41E-03  
102000.E-01  5156.27E-05  1346.94E-03  
104000.E-01  5169.84E-05  1299.54E-03  
106000.E-01  4969.49E-05  1282.48E-03  
108000.E-01  4816.94E-05  1240.81E-03  
110000.E-01  4760.89E-05  1190.92E-03  
112000.E-01  4524.31E-05  1127.14E-03  
114000.E-01  4275.21E-05  1057.09E-03  
116000.E-01  4061.81E-05  1034.71E-03  
118000.E-01  3808.46E-05  9182.81E-04  
120000.E-01  3469.48E-05  8490.16E-04  
122000.E-01  3188.50E-05  7389.94E-04  
124000.E-01  2705.18E-05  6246.73E-04  
126000.E-01  2430.62E-05  5486.08E-04  
128000.E-01  2023.92E-05  4595.17E-04  
130000.E-01  1637.59E-05  3603.23E-04  
132000.E-01  1336.55E-05  2829.33E-04  
134000.E-01  1056.47E-05  2270.89E-04  
136000.E-01  7533.82E-06  1540.65E-04  
138000.E-01  5816.32E-06  1143.11E-04  
140000.E-01  4540.05E-06  8853.29E-05  
142000.E-01  2724.34E-06  5348.95E-05  
144000.E-01  1818.00E-06  3227.20E-05  
146000.E-01  1160.52E-06  2404.04E-05  
148000.E-01  9480.17E-07  1584.52E-05  
150000.E-01  5255.07E-07  8162.08E-06  
152000.E-01  3740.04E-07  6675.94E-06  
154000.E-01  1695.00E-07  3764.53E-06  
156000.E-01  9549.99E-08  1485.64E-06  
158000.E-01  7799.99E-08  7561.82E-07  
160000.E-01  4350.00E-08  7503.50E-07  
162000.E-01  1800.00E-08  1313.19E-07  
164000.E-01  0000.00E+00  0000.00E+00  
166000.E-01  0000.00E+00  0000.00E+00  
168000.E-01  0000.00E+00  0000.00E+00  
170000.E-01  0000.00E+00  0000.00E+00  
172000.E-01  0000.00E+00  0000.00E+00  
174000.E-01  0000.00E+00  0000.00E+00  
176000.E-01  0000.00E+00  0000.00E+00  
178000.E-01  0000.00E+00  0000.00E+00  
180000.E-01  0000.00E+00  0000.00E+00  
182000.E-01  0000.00E+00  0000.00E+00  
184000.E-01  0000.00E+00  0000.00E+00  
186000.E-01  0000.00E+00  0000.00E+00  
188000.E-01  0000.00E+00  0000.00E+00  
190000.E-01  0000.00E+00  0000.00E+00  
192000.E-01  0000.00E+00  0000.00E+00  
194000.E-01  0000.00E+00  0000.00E+00  
196000.E-01  0000.00E+00  0000.00E+00  
198000.E-01  0000.00E+00  0000.00E+00  
200000.E-01  0000.00E+00  0000.00E+00  

 To convert to Energy Lost - multiply by Average Binding Energy =  3  eV/Vacancy
