====== Fe (3500) into Fe                        =======
        SRIM-2013.00
==========================================
    Ion and Target VACANCY production     
  See SRIM Outputs\TDATA.txt for calc. details
==========================================
--------------------------------------------------------------------
    Recoil/Damage Calculations made with Kinchin-Pease Estimates    
--------------------------------------------------------------------
 See file :  SRIM Outputs\TDATA.txt for calculation data
 Ion    = Fe   Energy = 3500 keV
============= TARGET MATERIAL ======================================
Layer  1 : Fe
Layer Width =     2.E+04 A ;
  Layer # 1- Density = 8.481E22 atoms/cm3 = 7.865 g/cm3
  Layer # 1- Fe = 100  Atomic Percent = 100  Mass Percent
====================================================================
 Total Ions calculated =10000.00
 Total Target Vacancies     = 11467 /Ion

==========================================================
  Table Units are  >>>> Vacancies/(Angstrom-Ion)  <<<<  
==========================================================
   TARGET     VACANCIES     VACANCIES 
   DEPTH         by            by     
   (Ang.)       IONS         RECOILS  
-----------  -----------  ------------
200010.E-03  2243.98E-05  3495.06E-04  
400010.E-03  2401.79E-05  4041.93E-04  
600010.E-03  2458.84E-05  3843.92E-04  
800010.E-03  2508.69E-05  4308.02E-04  
100001.E-02  2538.97E-05  4369.93E-04  
120001.E-02  2583.46E-05  4522.25E-04  
140001.E-02  2595.08E-05  4683.83E-04  
160001.E-02  2678.06E-05  4383.53E-04  
180001.E-02  2715.19E-05  4717.88E-04  
200001.E-02  2750.38E-05  4645.50E-04  
220001.E-02  2813.04E-05  4741.13E-04  
240001.E-02  2861.69E-05  5290.96E-04  
260001.E-02  2921.84E-05  5188.21E-04  
280001.E-02  2976.05E-05  5508.47E-04  
300001.E-02  3014.53E-05  5550.36E-04  
320001.E-02  3058.93E-05  5349.42E-04  
340001.E-02  3109.23E-05  5507.46E-04  
360001.E-02  3156.77E-05  5844.03E-04  
380001.E-02  3193.71E-05  5759.81E-04  
400001.E-02  3276.64E-05  6263.78E-04  
420001.E-02  3325.29E-05  6113.85E-04  
440001.E-02  3385.10E-05  6674.22E-04  
460001.E-02  3429.39E-05  6539.99E-04  
480001.E-02  3495.20E-05  7109.49E-04  
500001.E-02  3489.20E-05  7272.19E-04  
520001.E-02  3527.99E-05  7515.49E-04  
540001.E-02  3523.08E-05  7733.14E-04  
560001.E-02  3491.80E-05  7860.21E-04  
580001.E-02  3505.26E-05  7853.78E-04  
600001.E-02  3456.87E-05  8124.63E-04  
620001.E-02  3486.04E-05  8638.00E-04  
640001.E-02  3597.00E-05  9248.15E-04  
660001.E-02  3648.50E-05  9279.78E-04  
680001.E-02  3756.41E-05  9215.11E-04  
700001.E-02  3832.43E-05  9066.31E-04  
720001.E-02  3982.53E-05  1039.70E-03  
740001.E-02  4009.46E-05  1001.94E-03  
760001.E-02  4189.18E-05  1025.43E-03  
780001.E-02  4306.70E-05  1155.60E-03  
800001.E-02  4440.58E-05  1209.61E-03  
820001.E-02  4518.40E-05  1167.10E-03  
840001.E-02  4571.45E-05  1228.52E-03  
860001.E-02  4665.25E-05  1216.01E-03  
880001.E-02  4811.79E-05  1250.08E-03  
900001.E-02  4877.85E-05  1253.59E-03  
920001.E-02  4949.97E-05  1299.08E-03  
940001.E-02  5113.58E-05  1359.78E-03  
960001.E-02  5101.97E-05  1346.18E-03  
980001.E-02  5155.72E-05  1346.31E-03  
100000.E-01  5210.03E-05  1355.87E-03  
102000.E-01  5196.91E-05  1334.56E-03  
104000.E-01  5127.60E-05  1323.09E-03  
106000.E-01  5147.92E-05  1308.57E-03  
108000.E-01  4943.77E-05  1245.24E-03  
110000.E-01  4729.71E-05  1167.82E-03  
112000.E-01  4519.85E-05  1119.64E-03  
114000.E-01  4354.54E-05  1092.52E-03  
116000.E-01  4077.37E-05  9937.63E-04  
118000.E-01  3843.59E-05  9160.06E-04  
120000.E-01  3417.93E-05  7978.20E-04  
122000.E-01  3056.98E-05  6836.72E-04  
124000.E-01  2701.78E-05  6292.26E-04  
126000.E-01  2369.31E-05  5325.69E-04  
128000.E-01  2022.87E-05  4524.85E-04  
130000.E-01  1626.63E-05  3677.69E-04  
132000.E-01  1381.44E-05  3138.84E-04  
134000.E-01  1135.67E-05  2305.86E-04  
136000.E-01  8425.33E-06  1721.46E-04  
138000.E-01  6267.92E-06  1228.99E-04  
140000.E-01  4195.48E-06  8014.69E-05  
142000.E-01  3307.29E-06  6403.62E-05  
144000.E-01  1785.00E-06  3554.24E-05  
146000.E-01  1420.03E-06  2486.29E-05  
148000.E-01  9545.17E-07  1632.52E-05  
150000.E-01  4580.06E-07  7226.07E-06  
152000.E-01  2875.02E-07  5631.14E-06  
154000.E-01  1810.00E-07  2999.16E-06  
156000.E-01  7599.99E-08  9884.67E-07  
158000.E-01  5850.00E-08  8483.63E-07  
160000.E-01  1800.00E-08  6880.58E-07  
162000.E-01  0000.00E+00  0000.00E+00  
164000.E-01  0000.00E+00  0000.00E+00  
166000.E-01  0000.00E+00  0000.00E+00  
168000.E-01  0000.00E+00  0000.00E+00  
170000.E-01  0000.00E+00  0000.00E+00  
172000.E-01  0000.00E+00  0000.00E+00  
174000.E-01  0000.00E+00  0000.00E+00  
176000.E-01  0000.00E+00  0000.00E+00  
178000.E-01  0000.00E+00  0000.00E+00  
180000.E-01  0000.00E+00  0000.00E+00  
182000.E-01  0000.00E+00  0000.00E+00  
184000.E-01  0000.00E+00  0000.00E+00  
186000.E-01  0000.00E+00  0000.00E+00  
188000.E-01  0000.00E+00  0000.00E+00  
190000.E-01  0000.00E+00  0000.00E+00  
192000.E-01  0000.00E+00  0000.00E+00  
194000.E-01  0000.00E+00  0000.00E+00  
196000.E-01  0000.00E+00  0000.00E+00  
198000.E-01  0000.00E+00  0000.00E+00  
200000.E-01  0000.00E+00  0000.00E+00  

 To convert to Energy Lost - multiply by Average Binding Energy =  3  eV/Vacancy
