====== Fe (3500) into Fe                        =======
        SRIM-2013.00
==========================================
    Ion and Target VACANCY production     
  See SRIM Outputs\TDATA.txt for calc. details
==========================================
--------------------------------------------------------------------
    Recoil/Damage Calculations made with Kinchin-Pease Estimates    
--------------------------------------------------------------------
 See file :  SRIM Outputs\TDATA.txt for calculation data
 Ion    = Fe   Energy = 3500 keV
============= TARGET MATERIAL ======================================
Layer  1 : Fe
Layer Width =     2.E+04 A ;
  Layer # 1- Density = 8.481E22 atoms/cm3 = 7.865 g/cm3
  Layer # 1- Fe = 100  Atomic Percent = 100  Mass Percent
====================================================================
 Total Ions calculated =10000.00
 Total Target Vacancies     = 11506 /Ion

==========================================================
  Table Units are  >>>> Vacancies/(Angstrom-Ion)  <<<<  
==========================================================
   TARGET     VACANCIES     VACANCIES 
   DEPTH         by            by     
   (Ang.)       IONS         RECOILS  
-----------  -----------  ------------
200010.E-03  2263.70E-05  3845.83E-04  
400010.E-03  2422.26E-05  3754.75E-04  
600010.E-03  2471.36E-05  4391.04E-04  
800010.E-03  2515.05E-05  4453.78E-04  
100001.E-02  2535.92E-05  4785.50E-04  
120001.E-02  2568.50E-05  4576.20E-04  
140001.E-02  2633.91E-05  4495.51E-04  
160001.E-02  2665.49E-05  4612.86E-04  
180001.E-02  2702.33E-05  4750.69E-04  
200001.E-02  2748.63E-05  4920.96E-04  
220001.E-02  2804.28E-05  5198.96E-04  
240001.E-02  2880.25E-05  5337.67E-04  
260001.E-02  2922.90E-05  5276.90E-04  
280001.E-02  2979.70E-05  5355.99E-04  
300001.E-02  2998.12E-05  5257.89E-04  
320001.E-02  3050.07E-05  5570.94E-04  
340001.E-02  3125.44E-05  6144.03E-04  
360001.E-02  3193.36E-05  5871.40E-04  
380001.E-02  3242.21E-05  6189.92E-04  
400001.E-02  3262.23E-05  6466.28E-04  
420001.E-02  3354.57E-05  7140.45E-04  
440001.E-02  3400.56E-05  6605.70E-04  
460001.E-02  3445.16E-05  6451.84E-04  
480001.E-02  3510.17E-05  6833.43E-04  
500001.E-02  3538.00E-05  7319.29E-04  
520001.E-02  3535.54E-05  7316.54E-04  
540001.E-02  3532.69E-05  7562.56E-04  
560001.E-02  3469.83E-05  8168.31E-04  
580001.E-02  3442.65E-05  8135.89E-04  
600001.E-02  3477.39E-05  8352.47E-04  
620001.E-02  3515.67E-05  8644.10E-04  
640001.E-02  3602.41E-05  9166.06E-04  
660001.E-02  3685.24E-05  9277.27E-04  
680001.E-02  3779.68E-05  9352.52E-04  
700001.E-02  3904.95E-05  9904.14E-04  
720001.E-02  3980.28E-05  9786.89E-04  
740001.E-02  4065.81E-05  1070.86E-03  
760001.E-02  4137.43E-05  1040.65E-03  
780001.E-02  4307.80E-05  1108.86E-03  
800001.E-02  4397.23E-05  1130.25E-03  
820001.E-02  4497.93E-05  1131.84E-03  
840001.E-02  4655.34E-05  1166.97E-03  
860001.E-02  4723.05E-05  1217.48E-03  
880001.E-02  4856.23E-05  1268.05E-03  
900001.E-02  4860.99E-05  1321.32E-03  
920001.E-02  5034.76E-05  1313.09E-03  
940001.E-02  5052.02E-05  1361.19E-03  
960001.E-02  5175.99E-05  1407.52E-03  
980001.E-02  5072.49E-05  1296.32E-03  
100000.E-01  5021.19E-05  1300.93E-03  
102000.E-01  4964.74E-05  1253.73E-03  
104000.E-01  5026.40E-05  1295.63E-03  
106000.E-01  5024.45E-05  1293.22E-03  
108000.E-01  4892.17E-05  1203.24E-03  
110000.E-01  4704.63E-05  1173.91E-03  
112000.E-01  4492.43E-05  1113.81E-03  
114000.E-01  4304.24E-05  1062.93E-03  
116000.E-01  4043.14E-05  9996.38E-04  
118000.E-01  3790.29E-05  9459.90E-04  
120000.E-01  3479.99E-05  8541.46E-04  
122000.E-01  3139.26E-05  7137.90E-04  
124000.E-01  2721.75E-05  6309.48E-04  
126000.E-01  2238.28E-05  5191.88E-04  
128000.E-01  1988.28E-05  4425.65E-04  
130000.E-01  1576.23E-05  3462.11E-04  
132000.E-01  1302.16E-05  2766.82E-04  
134000.E-01  1089.10E-05  2316.60E-04  
136000.E-01  8329.39E-06  1758.93E-04  
138000.E-01  5922.84E-06  1163.74E-04  
140000.E-01  4370.01E-06  8532.33E-05  
142000.E-01  2776.83E-06  5362.30E-05  
144000.E-01  1679.52E-06  3361.82E-05  
146000.E-01  1004.02E-06  1969.33E-05  
148000.E-01  6060.09E-07  1056.51E-05  
150000.E-01  3300.03E-07  5691.98E-06  
152000.E-01  1900.00E-07  3895.43E-06  
154000.E-01  1305.00E-07  1528.52E-06  
156000.E-01  7749.99E-08  1568.02E-06  
158000.E-01  9000.00E-09  1693.36E-07  
160000.E-01  0000.00E+00  0000.00E+00  
162000.E-01  0000.00E+00  0000.00E+00  
164000.E-01  0000.00E+00  0000.00E+00  
166000.E-01  0000.00E+00  0000.00E+00  
168000.E-01  0000.00E+00  0000.00E+00  
170000.E-01  0000.00E+00  0000.00E+00  
172000.E-01  0000.00E+00  0000.00E+00  
174000.E-01  0000.00E+00  0000.00E+00  
176000.E-01  0000.00E+00  0000.00E+00  
178000.E-01  0000.00E+00  0000.00E+00  
180000.E-01  0000.00E+00  0000.00E+00  
182000.E-01  0000.00E+00  0000.00E+00  
184000.E-01  0000.00E+00  0000.00E+00  
186000.E-01  0000.00E+00  0000.00E+00  
188000.E-01  0000.00E+00  0000.00E+00  
190000.E-01  0000.00E+00  0000.00E+00  
192000.E-01  0000.00E+00  0000.00E+00  
194000.E-01  0000.00E+00  0000.00E+00  
196000.E-01  0000.00E+00  0000.00E+00  
198000.E-01  0000.00E+00  0000.00E+00  
200000.E-01  0000.00E+00  0000.00E+00  

 To convert to Energy Lost - multiply by Average Binding Energy =  3  eV/Vacancy
