====== Fe (3500) into Fe                        =======
        SRIM-2013.00
==========================================
    Ion and Target VACANCY production     
  See SRIM Outputs\TDATA.txt for calc. details
==========================================
--------------------------------------------------------------------
    Recoil/Damage Calculations made with Kinchin-Pease Estimates    
--------------------------------------------------------------------
 See file :  SRIM Outputs\TDATA.txt for calculation data
 Ion    = Fe   Energy = 3500 keV
============= TARGET MATERIAL ======================================
Layer  1 : Fe
Layer Width =     2.E+04 A ;
  Layer # 1- Density = 8.481E22 atoms/cm3 = 7.865 g/cm3
  Layer # 1- Fe = 100  Atomic Percent = 100  Mass Percent
====================================================================
 Total Ions calculated =10000.00
 Total Target Vacancies     = 11502 /Ion

==========================================================
  Table Units are  >>>> Vacancies/(Angstrom-Ion)  <<<<  
==========================================================
   TARGET     VACANCIES     VACANCIES 
   DEPTH         by            by     
   (Ang.)       IONS         RECOILS  
-----------  -----------  ------------
200010.E-03  2257.50E-05  3700.54E-04  
400010.E-03  2420.76E-05  4239.58E-04  
600010.E-03  2460.49E-05  4213.19E-04  
800010.E-03  2495.78E-05  4000.61E-04  
100001.E-02  2541.02E-05  4362.36E-04  
120001.E-02  2563.14E-05  4370.36E-04  
140001.E-02  2609.24E-05  4541.33E-04  
160001.E-02  2664.24E-05  4677.88E-04  
180001.E-02  2712.69E-05  5133.61E-04  
200001.E-02  2766.84E-05  4617.59E-04  
220001.E-02  2796.62E-05  5110.31E-04  
240001.E-02  2836.11E-05  4577.09E-04  
260001.E-02  2893.77E-05  5370.04E-04  
280001.E-02  2933.61E-05  5419.05E-04  
300001.E-02  3020.54E-05  5730.66E-04  
320001.E-02  3073.14E-05  5667.11E-04  
340001.E-02  3125.94E-05  5935.63E-04  
360001.E-02  3184.70E-05  6140.95E-04  
380001.E-02  3257.27E-05  5965.09E-04  
400001.E-02  3345.61E-05  6293.03E-04  
420001.E-02  3368.53E-05  6388.21E-04  
440001.E-02  3427.64E-05  7114.19E-04  
460001.E-02  3471.58E-05  6713.16E-04  
480001.E-02  3540.75E-05  7191.84E-04  
500001.E-02  3537.14E-05  7119.56E-04  
520001.E-02  3589.90E-05  7357.49E-04  
540001.E-02  3545.55E-05  7893.99E-04  
560001.E-02  3487.00E-05  7786.47E-04  
580001.E-02  3451.01E-05  7698.52E-04  
600001.E-02  3448.16E-05  8110.54E-04  
620001.E-02  3495.90E-05  8389.75E-04  
640001.E-02  3608.26E-05  9258.22E-04  
660001.E-02  3687.14E-05  9000.08E-04  
680001.E-02  3769.92E-05  9608.85E-04  
700001.E-02  3901.55E-05  1031.53E-03  
720001.E-02  3936.78E-05  1032.14E-03  
740001.E-02  4060.46E-05  1036.87E-03  
760001.E-02  4182.72E-05  1111.70E-03  
780001.E-02  4327.87E-05  1170.48E-03  
800001.E-02  4391.53E-05  1152.08E-03  
820001.E-02  4472.46E-05  1167.83E-03  
840001.E-02  4611.29E-05  1198.97E-03  
860001.E-02  4745.87E-05  1258.36E-03  
880001.E-02  4894.17E-05  1269.94E-03  
900001.E-02  4931.25E-05  1270.73E-03  
920001.E-02  5079.50E-05  1350.88E-03  
940001.E-02  5144.26E-05  1366.52E-03  
960001.E-02  5243.36E-05  1369.55E-03  
980001.E-02  5111.28E-05  1281.88E-03  
100000.E-01  5059.78E-05  1334.69E-03  
102000.E-01  5068.04E-05  1350.85E-03  
104000.E-01  4954.43E-05  1254.75E-03  
106000.E-01  4938.46E-05  1244.01E-03  
108000.E-01  4821.95E-05  1200.58E-03  
110000.E-01  4627.51E-05  1185.72E-03  
112000.E-01  4413.80E-05  1121.55E-03  
114000.E-01  4267.26E-05  1025.21E-03  
116000.E-01  3967.41E-05  9947.32E-04  
118000.E-01  3683.89E-05  8716.07E-04  
120000.E-01  3459.12E-05  8110.95E-04  
122000.E-01  3053.72E-05  7185.03E-04  
124000.E-01  2684.46E-05  6171.60E-04  
126000.E-01  2259.60E-05  5189.10E-04  
128000.E-01  1951.55E-05  4348.34E-04  
130000.E-01  1588.14E-05  3572.40E-04  
132000.E-01  1305.12E-05  2893.24E-04  
134000.E-01  9964.99E-06  2152.46E-04  
136000.E-01  7821.17E-06  1601.13E-04  
138000.E-01  5856.33E-06  1144.95E-04  
140000.E-01  4162.97E-06  8542.89E-05  
142000.E-01  3088.28E-06  6335.36E-05  
144000.E-01  2179.93E-06  4441.28E-05  
146000.E-01  1364.03E-06  2428.85E-05  
148000.E-01  8695.15E-07  1370.24E-05  
150000.E-01  4420.05E-07  7380.08E-06  
152000.E-01  2630.01E-07  4949.01E-06  
154000.E-01  1325.00E-07  2268.18E-06  
156000.E-01  7699.99E-08  2301.03E-06  
158000.E-01  5500.00E-09  1582.85E-08  
160000.E-01  0000.00E+00  0000.00E+00  
162000.E-01  0000.00E+00  0000.00E+00  
164000.E-01  0000.00E+00  0000.00E+00  
166000.E-01  0000.00E+00  0000.00E+00  
168000.E-01  0000.00E+00  0000.00E+00  
170000.E-01  0000.00E+00  0000.00E+00  
172000.E-01  0000.00E+00  0000.00E+00  
174000.E-01  0000.00E+00  0000.00E+00  
176000.E-01  0000.00E+00  0000.00E+00  
178000.E-01  0000.00E+00  0000.00E+00  
180000.E-01  0000.00E+00  0000.00E+00  
182000.E-01  0000.00E+00  0000.00E+00  
184000.E-01  0000.00E+00  0000.00E+00  
186000.E-01  0000.00E+00  0000.00E+00  
188000.E-01  0000.00E+00  0000.00E+00  
190000.E-01  0000.00E+00  0000.00E+00  
192000.E-01  0000.00E+00  0000.00E+00  
194000.E-01  0000.00E+00  0000.00E+00  
196000.E-01  0000.00E+00  0000.00E+00  
198000.E-01  0000.00E+00  0000.00E+00  
200000.E-01  0000.00E+00  0000.00E+00  

 To convert to Energy Lost - multiply by Average Binding Energy =  3  eV/Vacancy
