====== Fe (3500) into Fe                        =======
        SRIM-2013.00
==========================================
    Ion and Target VACANCY production     
  See SRIM Outputs\TDATA.txt for calc. details
==========================================
--------------------------------------------------------------------
    Recoil/Damage Calculations made with Kinchin-Pease Estimates    
--------------------------------------------------------------------
 See file :  SRIM Outputs\TDATA.txt for calculation data
 Ion    = Fe   Energy = 3500 keV
============= TARGET MATERIAL ======================================
Layer  1 : Fe
Layer Width =     2.E+04 A ;
  Layer # 1- Density = 8.481E22 atoms/cm3 = 7.865 g/cm3
  Layer # 1- Fe = 100  Atomic Percent = 100  Mass Percent
====================================================================
 Total Ions calculated =10000.00
 Total Target Vacancies     = 11480 /Ion

==========================================================
  Table Units are  >>>> Vacancies/(Angstrom-Ion)  <<<<  
==========================================================
   TARGET     VACANCIES     VACANCIES 
   DEPTH         by            by     
   (Ang.)       IONS         RECOILS  
-----------  -----------  ------------
200010.E-03  2271.51E-05  3711.82E-04  
400010.E-03  2423.61E-05  3819.48E-04  
600010.E-03  2469.90E-05  4211.77E-04  
800010.E-03  2501.48E-05  4128.10E-04  
100001.E-02  2531.01E-05  4437.67E-04  
120001.E-02  2573.70E-05  4300.09E-04  
140001.E-02  2618.15E-05  4382.63E-04  
160001.E-02  2669.75E-05  4787.70E-04  
180001.E-02  2708.39E-05  4869.44E-04  
200001.E-02  2757.58E-05  4672.67E-04  
220001.E-02  2809.79E-05  4846.84E-04  
240001.E-02  2867.59E-05  5258.46E-04  
260001.E-02  2902.08E-05  4957.66E-04  
280001.E-02  2949.17E-05  5471.22E-04  
300001.E-02  2992.26E-05  5731.81E-04  
320001.E-02  3069.14E-05  6006.14E-04  
340001.E-02  3139.16E-05  5710.07E-04  
360001.E-02  3184.45E-05  5588.96E-04  
380001.E-02  3242.56E-05  6541.63E-04  
400001.E-02  3300.56E-05  6256.58E-04  
420001.E-02  3346.86E-05  6087.84E-04  
440001.E-02  3430.89E-05  6563.83E-04  
460001.E-02  3428.74E-05  6591.77E-04  
480001.E-02  3514.97E-05  7054.08E-04  
500001.E-02  3521.08E-05  7468.22E-04  
520001.E-02  3543.35E-05  7200.80E-04  
540001.E-02  3503.86E-05  7711.09E-04  
560001.E-02  3451.21E-05  7646.27E-04  
580001.E-02  3433.99E-05  7912.93E-04  
600001.E-02  3467.48E-05  8486.07E-04  
620001.E-02  3523.43E-05  8938.53E-04  
640001.E-02  3620.13E-05  8807.70E-04  
660001.E-02  3645.45E-05  8779.86E-04  
680001.E-02  3743.65E-05  9215.69E-04  
700001.E-02  3862.51E-05  9587.92E-04  
720001.E-02  3931.68E-05  1007.41E-03  
740001.E-02  4052.55E-05  1046.46E-03  
760001.E-02  4144.69E-05  1086.17E-03  
780001.E-02  4259.45E-05  1105.23E-03  
800001.E-02  4377.56E-05  1117.56E-03  
820001.E-02  4475.56E-05  1166.15E-03  
840001.E-02  4655.99E-05  1221.38E-03  
860001.E-02  4685.16E-05  1261.29E-03  
880001.E-02  4797.92E-05  1313.55E-03  
900001.E-02  4978.10E-05  1327.91E-03  
920001.E-02  5036.66E-05  1344.55E-03  
940001.E-02  5013.94E-05  1261.64E-03  
960001.E-02  5041.81E-05  1340.58E-03  
980001.E-02  5162.13E-05  1302.00E-03  
100000.E-01  5228.75E-05  1371.92E-03  
102000.E-01  5132.90E-05  1296.46E-03  
104000.E-01  5055.63E-05  1293.30E-03  
106000.E-01  4992.76E-05  1250.09E-03  
108000.E-01  4831.61E-05  1230.33E-03  
110000.E-01  4737.42E-05  1230.01E-03  
112000.E-01  4530.31E-05  1125.62E-03  
114000.E-01  4365.90E-05  1104.02E-03  
116000.E-01  3986.23E-05  9345.51E-04  
118000.E-01  3804.21E-05  9111.42E-04  
120000.E-01  3533.84E-05  8413.51E-04  
122000.E-01  3083.10E-05  7512.86E-04  
124000.E-01  2676.05E-05  6210.42E-04  
126000.E-01  2352.39E-05  5099.46E-04  
128000.E-01  1983.78E-05  4264.51E-04  
130000.E-01  1629.33E-05  3638.00E-04  
132000.E-01  1323.99E-05  2738.90E-04  
134000.E-01  1038.23E-05  2248.96E-04  
136000.E-01  8532.77E-06  1797.53E-04  
138000.E-01  6002.86E-06  1301.66E-04  
140000.E-01  4580.56E-06  8670.70E-05  
142000.E-01  3216.77E-06  6468.11E-05  
144000.E-01  2057.95E-06  3792.77E-05  
146000.E-01  1381.03E-06  2389.20E-05  
148000.E-01  7160.12E-07  1219.84E-05  
150000.E-01  4675.06E-07  6966.91E-06  
152000.E-01  3570.03E-07  7004.23E-06  
154000.E-01  1585.00E-07  3194.58E-06  
156000.E-01  1915.00E-07  3560.51E-06  
158000.E-01  3600.00E-08  5009.47E-07  
160000.E-01  0000.00E+00  0000.00E+00  
162000.E-01  0000.00E+00  0000.00E+00  
164000.E-01  0000.00E+00  0000.00E+00  
166000.E-01  0000.00E+00  0000.00E+00  
168000.E-01  0000.00E+00  0000.00E+00  
170000.E-01  0000.00E+00  0000.00E+00  
172000.E-01  0000.00E+00  0000.00E+00  
174000.E-01  0000.00E+00  0000.00E+00  
176000.E-01  0000.00E+00  0000.00E+00  
178000.E-01  0000.00E+00  0000.00E+00  
180000.E-01  0000.00E+00  0000.00E+00  
182000.E-01  0000.00E+00  0000.00E+00  
184000.E-01  0000.00E+00  0000.00E+00  
186000.E-01  0000.00E+00  0000.00E+00  
188000.E-01  0000.00E+00  0000.00E+00  
190000.E-01  0000.00E+00  0000.00E+00  
192000.E-01  0000.00E+00  0000.00E+00  
194000.E-01  0000.00E+00  0000.00E+00  
196000.E-01  0000.00E+00  0000.00E+00  
198000.E-01  0000.00E+00  0000.00E+00  
200000.E-01  0000.00E+00  0000.00E+00  

 To convert to Energy Lost - multiply by Average Binding Energy =  3  eV/Vacancy
