====== Fe (3500) into Fe                        =======
        SRIM-2013.00
==========================================
    Ion and Target VACANCY production     
  See SRIM Outputs\TDATA.txt for calc. details
==========================================
--------------------------------------------------------------------
    Recoil/Damage Calculations made with Kinchin-Pease Estimates    
--------------------------------------------------------------------
 See file :  SRIM Outputs\TDATA.txt for calculation data
 Ion    = Fe   Energy = 3500 keV
============= TARGET MATERIAL ======================================
Layer  1 : Fe
Layer Width =     2.E+04 A ;
  Layer # 1- Density = 8.481E22 atoms/cm3 = 7.865 g/cm3
  Layer # 1- Fe = 100  Atomic Percent = 100  Mass Percent
====================================================================
 Total Ions calculated =10000.00
 Total Target Vacancies     = 11478 /Ion

==========================================================
  Table Units are  >>>> Vacancies/(Angstrom-Ion)  <<<<  
==========================================================
   TARGET     VACANCIES     VACANCIES 
   DEPTH         by            by     
   (Ang.)       IONS         RECOILS  
-----------  -----------  ------------
200010.E-03  2264.35E-05  3644.81E-04  
400010.E-03  2427.81E-05  3953.32E-04  
600010.E-03  2442.28E-05  4069.72E-04  
800010.E-03  2482.72E-05  4265.77E-04  
100001.E-02  2524.31E-05  4160.98E-04  
120001.E-02  2575.86E-05  4258.09E-04  
140001.E-02  2642.17E-05  4734.46E-04  
160001.E-02  2683.21E-05  4561.99E-04  
180001.E-02  2700.83E-05  4550.06E-04  
200001.E-02  2743.02E-05  4740.65E-04  
220001.E-02  2800.58E-05  5047.95E-04  
240001.E-02  2854.43E-05  5189.42E-04  
260001.E-02  2921.64E-05  5348.51E-04  
280001.E-02  2945.47E-05  5247.17E-04  
300001.E-02  3012.83E-05  5541.41E-04  
320001.E-02  3056.58E-05  5712.63E-04  
340001.E-02  3111.73E-05  5505.54E-04  
360001.E-02  3165.48E-05  5664.45E-04  
380001.E-02  3245.41E-05  5860.31E-04  
400001.E-02  3298.21E-05  6635.12E-04  
420001.E-02  3347.71E-05  6479.05E-04  
440001.E-02  3408.27E-05  6599.28E-04  
460001.E-02  3456.07E-05  6633.75E-04  
480001.E-02  3480.84E-05  6632.28E-04  
500001.E-02  3575.13E-05  7665.75E-04  
520001.E-02  3558.17E-05  7615.16E-04  
540001.E-02  3539.55E-05  7425.48E-04  
560001.E-02  3528.74E-05  8036.35E-04  
580001.E-02  3501.41E-05  7821.27E-04  
600001.E-02  3506.92E-05  8366.18E-04  
620001.E-02  3539.25E-05  8554.26E-04  
640001.E-02  3568.33E-05  8889.55E-04  
660001.E-02  3720.12E-05  9379.86E-04  
680001.E-02  3818.22E-05  9538.60E-04  
700001.E-02  3880.28E-05  9372.98E-04  
720001.E-02  3913.81E-05  9945.92E-04  
740001.E-02  4080.22E-05  1070.90E-03  
760001.E-02  4152.09E-05  1079.48E-03  
780001.E-02  4376.01E-05  1128.48E-03  
800001.E-02  4385.62E-05  1122.94E-03  
820001.E-02  4533.57E-05  1183.22E-03  
840001.E-02  4521.15E-05  1158.93E-03  
860001.E-02  4700.33E-05  1265.00E-03  
880001.E-02  4846.37E-05  1275.41E-03  
900001.E-02  4897.77E-05  1328.19E-03  
920001.E-02  4922.50E-05  1275.50E-03  
940001.E-02  5058.18E-05  1349.69E-03  
960001.E-02  5214.93E-05  1382.25E-03  
980001.E-02  5189.06E-05  1348.53E-03  
100000.E-01  5125.89E-05  1301.14E-03  
102000.E-01  5210.33E-05  1354.09E-03  
104000.E-01  5158.78E-05  1299.04E-03  
106000.E-01  4979.90E-05  1287.91E-03  
108000.E-01  4825.80E-05  1221.99E-03  
110000.E-01  4601.08E-05  1146.59E-03  
112000.E-01  4550.68E-05  1157.77E-03  
114000.E-01  4282.42E-05  1044.93E-03  
116000.E-01  3978.93E-05  9457.03E-04  
118000.E-01  3804.26E-05  9427.88E-04  
120000.E-01  3437.70E-05  8179.48E-04  
122000.E-01  3040.56E-05  7123.65E-04  
124000.E-01  2588.87E-05  5978.87E-04  
126000.E-01  2284.67E-05  5118.29E-04  
128000.E-01  2040.38E-05  4752.46E-04  
130000.E-01  1677.03E-05  3745.99E-04  
132000.E-01  1284.70E-05  2767.21E-04  
134000.E-01  1005.89E-05  2208.16E-04  
136000.E-01  8133.49E-06  1721.70E-04  
138000.E-01  6374.94E-06  1292.36E-04  
140000.E-01  4531.55E-06  8759.80E-05  
142000.E-01  3261.78E-06  6728.34E-05  
144000.E-01  2307.91E-06  4622.12E-05  
146000.E-01  1555.53E-06  2538.10E-05  
148000.E-01  7935.13E-07  1586.83E-05  
150000.E-01  4750.06E-07  8991.73E-06  
152000.E-01  3560.03E-07  6638.05E-06  
154000.E-01  1520.00E-07  1964.89E-06  
156000.E-01  6000.00E-09  4192.86E-08  
158000.E-01  9000.00E-09  6133.71E-08  
160000.E-01  1000.00E-08  2656.31E-08  
162000.E-01  1550.00E-08  2125.09E-07  
164000.E-01  2850.00E-08  4757.87E-07  
166000.E-01  0000.00E+00  0000.00E+00  
168000.E-01  0000.00E+00  0000.00E+00  
170000.E-01  0000.00E+00  0000.00E+00  
172000.E-01  0000.00E+00  0000.00E+00  
174000.E-01  0000.00E+00  0000.00E+00  
176000.E-01  0000.00E+00  0000.00E+00  
178000.E-01  0000.00E+00  0000.00E+00  
180000.E-01  0000.00E+00  0000.00E+00  
182000.E-01  0000.00E+00  0000.00E+00  
184000.E-01  0000.00E+00  0000.00E+00  
186000.E-01  0000.00E+00  0000.00E+00  
188000.E-01  0000.00E+00  0000.00E+00  
190000.E-01  0000.00E+00  0000.00E+00  
192000.E-01  0000.00E+00  0000.00E+00  
194000.E-01  0000.00E+00  0000.00E+00  
196000.E-01  0000.00E+00  0000.00E+00  
198000.E-01  0000.00E+00  0000.00E+00  
200000.E-01  0000.00E+00  0000.00E+00  

 To convert to Energy Lost - multiply by Average Binding Energy =  3  eV/Vacancy
