====== Fe (3500) into Fe                        =======
        SRIM-2013.00
==========================================
    Ion and Target VACANCY production     
  See SRIM Outputs\TDATA.txt for calc. details
==========================================
--------------------------------------------------------------------
    Recoil/Damage Calculations made with Kinchin-Pease Estimates    
--------------------------------------------------------------------
 See file :  SRIM Outputs\TDATA.txt for calculation data
 Ion    = Fe   Energy = 3500 keV
============= TARGET MATERIAL ======================================
Layer  1 : Fe
Layer Width =     2.E+04 A ;
  Layer # 1- Density = 8.481E22 atoms/cm3 = 7.865 g/cm3
  Layer # 1- Fe = 100  Atomic Percent = 100  Mass Percent
====================================================================
 Total Ions calculated =10000.00
 Total Target Vacancies     = 11479 /Ion

==========================================================
  Table Units are  >>>> Vacancies/(Angstrom-Ion)  <<<<  
==========================================================
   TARGET     VACANCIES     VACANCIES 
   DEPTH         by            by     
   (Ang.)       IONS         RECOILS  
-----------  -----------  ------------
200010.E-03  2265.05E-05  3967.39E-04  
400010.E-03  2408.59E-05  4013.82E-04  
600010.E-03  2464.90E-05  4407.21E-04  
800010.E-03  2505.34E-05  4482.31E-04  
100001.E-02  2523.51E-05  4150.14E-04  
120001.E-02  2577.01E-05  4220.38E-04  
140001.E-02  2635.87E-05  4733.64E-04  
160001.E-02  2696.72E-05  4754.87E-04  
180001.E-02  2724.30E-05  4618.51E-04  
200001.E-02  2762.89E-05  4931.23E-04  
220001.E-02  2799.88E-05  4921.05E-04  
240001.E-02  2868.09E-05  5304.95E-04  
260001.E-02  2905.43E-05  4880.46E-04  
280001.E-02  2972.79E-05  5335.31E-04  
300001.E-02  3050.77E-05  5386.82E-04  
320001.E-02  3061.13E-05  5559.52E-04  
340001.E-02  3103.92E-05  5761.12E-04  
360001.E-02  3190.71E-05  5887.28E-04  
380001.E-02  3238.30E-05  6220.87E-04  
400001.E-02  3310.17E-05  6524.98E-04  
420001.E-02  3358.82E-05  6469.67E-04  
440001.E-02  3415.63E-05  6878.11E-04  
460001.E-02  3449.16E-05  7023.76E-04  
480001.E-02  3504.36E-05  6679.10E-04  
500001.E-02  3560.37E-05  7321.99E-04  
520001.E-02  3558.47E-05  7261.71E-04  
540001.E-02  3559.12E-05  7346.21E-04  
560001.E-02  3530.99E-05  8404.56E-04  
580001.E-02  3521.93E-05  8492.10E-04  
600001.E-02  3515.87E-05  8565.14E-04  
620001.E-02  3561.32E-05  8460.88E-04  
640001.E-02  3601.16E-05  8622.91E-04  
660001.E-02  3641.00E-05  8833.44E-04  
680001.E-02  3731.68E-05  9219.93E-04  
700001.E-02  3857.66E-05  9395.34E-04  
720001.E-02  3953.20E-05  1008.78E-03  
740001.E-02  4022.77E-05  1092.85E-03  
760001.E-02  4141.58E-05  1089.80E-03  
780001.E-02  4243.13E-05  1099.12E-03  
800001.E-02  4368.46E-05  1135.89E-03  
820001.E-02  4417.50E-05  1145.14E-03  
840001.E-02  4570.90E-05  1209.47E-03  
860001.E-02  4711.49E-05  1249.93E-03  
880001.E-02  4647.83E-05  1219.21E-03  
900001.E-02  4850.58E-05  1323.99E-03  
920001.E-02  4945.12E-05  1229.20E-03  
940001.E-02  5003.58E-05  1306.89E-03  
960001.E-02  4959.93E-05  1348.84E-03  
980001.E-02  5080.35E-05  1297.26E-03  
100000.E-01  5114.28E-05  1331.55E-03  
102000.E-01  5035.16E-05  1304.67E-03  
104000.E-01  4972.40E-05  1241.80E-03  
106000.E-01  4945.07E-05  1259.89E-03  
108000.E-01  4836.46E-05  1227.55E-03  
110000.E-01  4732.11E-05  1185.52E-03  
112000.E-01  4478.81E-05  1118.90E-03  
114000.E-01  4285.47E-05  1083.41E-03  
116000.E-01  4087.58E-05  1011.08E-03  
118000.E-01  3763.47E-05  8845.49E-04  
120000.E-01  3454.06E-05  8244.26E-04  
122000.E-01  3127.70E-05  7436.74E-04  
124000.E-01  2795.87E-05  6485.53E-04  
126000.E-01  2437.97E-05  5524.39E-04  
128000.E-01  1985.43E-05  4441.46E-04  
130000.E-01  1718.62E-05  3672.78E-04  
132000.E-01  1349.76E-05  2911.68E-04  
134000.E-01  1154.36E-05  2378.62E-04  
136000.E-01  8869.09E-06  1792.97E-04  
138000.E-01  6059.37E-06  1298.11E-04  
140000.E-01  4682.58E-06  9792.67E-05  
142000.E-01  3065.29E-06  6426.59E-05  
144000.E-01  2063.95E-06  3824.85E-05  
146000.E-01  1342.03E-06  2561.45E-05  
148000.E-01  8475.15E-07  1679.25E-05  
150000.E-01  5820.09E-07  9969.20E-06  
152000.E-01  2535.01E-07  3965.82E-06  
154000.E-01  2015.00E-07  3272.61E-06  
156000.E-01  1195.00E-07  1797.12E-06  
158000.E-01  2600.00E-08  4217.37E-07  
160000.E-01  1250.00E-08  1220.06E-07  
162000.E-01  1900.00E-08  3130.10E-07  
164000.E-01  0000.00E+00  0000.00E+00  
166000.E-01  0000.00E+00  0000.00E+00  
168000.E-01  0000.00E+00  0000.00E+00  
170000.E-01  0000.00E+00  0000.00E+00  
172000.E-01  0000.00E+00  0000.00E+00  
174000.E-01  0000.00E+00  0000.00E+00  
176000.E-01  0000.00E+00  0000.00E+00  
178000.E-01  0000.00E+00  0000.00E+00  
180000.E-01  0000.00E+00  0000.00E+00  
182000.E-01  0000.00E+00  0000.00E+00  
184000.E-01  0000.00E+00  0000.00E+00  
186000.E-01  0000.00E+00  0000.00E+00  
188000.E-01  0000.00E+00  0000.00E+00  
190000.E-01  0000.00E+00  0000.00E+00  
192000.E-01  0000.00E+00  0000.00E+00  
194000.E-01  0000.00E+00  0000.00E+00  
196000.E-01  0000.00E+00  0000.00E+00  
198000.E-01  0000.00E+00  0000.00E+00  
200000.E-01  0000.00E+00  0000.00E+00  

 To convert to Energy Lost - multiply by Average Binding Energy =  3  eV/Vacancy
