20.00100000000000000000 .39447740399999999987
40.00100000000000000000 .42946854999999999989
60.00100000000000000000 .44036688799999999987
80.00100000000000000000 .45430051999999999989
100.00100000000000000000 .45501214999999999987
120.00100000000000000000 .46608217199999999989
140.00100000000000000000 .48120955399999999988
160.00100000000000000000 .48674293399999999986
180.00100000000000000000 .50566883599999999987
200.00100000000000000000 .50518649199999999989
220.00100000000000000000 .52427396199999999990
240.00100000000000000000 .53733536399999999989
260.00100000000000000000 .54893962799999999990
280.00100000000000000000 .56590735199999999989
300.00100000000000000000 .57390407799999999989
320.00100000000000000000 .58821634799999999987
340.00100000000000000000 .60476460799999999986
360.00100000000000000000 .61335473799999999987
380.00100000000000000000 .63801573399999999987
400.00100000000000000000 .65844045399999999987
420.00100000000000000000 .67722547399999999987
440.00100000000000000000 .68927001199999999987
460.00100000000000000000 .71270730799999999987
480.00100000000000000000 .73685747399999999988
500.00100000000000000000 .75341811799999999987
520.00100000000000000000 .77622393799999999986
540.00100000000000000000 .80296220399999999986
560.00100000000000000000 .82036455199999999987
580.00100000000000000000 .84574372599999999986
600.00100000000000000000 .87368649599999999988
620.00100000000000000000 .90378696399999999988
640.00100000000000000000 .93474243999999999989
660.00100000000000000000 .96096427199999999989
680.00100000000000000000 .99236316399999999987
700.00100000000000000000 1.02093877199999999986
720.00100000000000000000 1.06200295799999999988
740.00100000000000000000 1.09080007199999999990
760.00100000000000000000 1.12165364599999999988
780.00100000000000000000 1.15869971599999999987
800.00100000000000000000 1.18296105799999999988
820.00100000000000000000 1.21463225799999999987
840.00100000000000000000 1.24465548399999999989
860.00100000000000000000 1.28240945999999999988
880.00100000000000000000 1.31321868199999999989
900.00100000000000000000 1.33206025799999999988
920.00100000000000000000 1.34932139999999999988
940.00100000000000000000 1.37993847399999999989
960.00100000000000000000 1.37980955399999999989
980.00100000000000000000 1.38296687799999999988
1000.00000000000000000000 1.38729055399999999989
1020.00000000000000000000 1.37660889999999999988
1040.00000000000000000000 1.35944933399999999989
1060.00000000000000000000 1.32873282399999999989
1080.00000000000000000000 1.28699003399999999988
1100.00000000000000000000 1.23478840799999999986
1120.00000000000000000000 1.17445754599999999988
1140.00000000000000000000 1.10258424399999999988
1160.00000000000000000000 1.02143657799999999988
1180.00000000000000000000 .94188738999999999987
1200.00000000000000000000 .84894023999999999987
1220.00000000000000000000 .75464368599999999987
1240.00000000000000000000 .65750073799999999987
1260.00000000000000000000 .55631020399999999990
1280.00000000000000000000 .47024111799999999987
1300.00000000000000000000 .38415833199999999988
1320.00000000000000000000 .30461292199999999990
1340.00000000000000000000 .23363789059999999988
1360.00000000000000000000 .17933662219999999986
1380.00000000000000000000 .12809217519999999988
1400.00000000000000000000 .09099965319999999988
1420.00000000000000000000 .06130952459999999986
1440.00000000000000000000 .03958352959999999986
1460.00000000000000000000 .02508024701999999987
1480.00000000000000000000 .01521904819999999986
1500.00000000000000000000 .00848583899999999988
1520.00000000000000000000 .00502765541999999986
1540.00000000000000000000 .00249406767599999986
1560.00000000000000000000 .00121528747999999989
1580.00000000000000000000 .00040968783399999986
1600.00000000000000000000 .00013755821799999988
1620.00000000000000000000 .00006048018799999989
1640.00000000000000000000 .00001894655999999987
1660.00000000000000000000 .00000153928399999988
1680.00000000000000000000 0
1700.00000000000000000000 0
1720.00000000000000000000 0
1740.00000000000000000000 0
1760.00000000000000000000 0
1780.00000000000000000000 0
1800.00000000000000000000 0
1820.00000000000000000000 0
1840.00000000000000000000 0
1860.00000000000000000000 0
1880.00000000000000000000 0
1900.00000000000000000000 0
1920.00000000000000000000 0
1940.00000000000000000000 0
1960.00000000000000000000 0
1980.00000000000000000000 0
2000.00000000000000000000 0
