€ﬂﬂﬂﬂﬂﬂﬂﬂﬂﬂ TRIM with various Incident Ion Energies/Angles and Depths ﬂﬂﬂﬂﬂﬂﬂﬂ€
€ Top  10 lines are user comments
with  line  #8 describing experiment.     €
€ Line #8 will be written into all TRIM output files ( various files:  *.TXT).€
€ Data Table line consist of: EventName(5 char)+8 numbers separated by spaces.€
€ The Event Name consists of any 5  characters  to identify that line.        €
€ Cos(X) = 1 for normal incidence
and Cos(X) = -1  for backwards.            €
ﬂﬂﬂﬂﬂﬂﬂﬂﬂﬂﬂﬂﬂﬂﬂﬂ Typical Data File is shown below  ﬂﬂﬂﬂﬂﬂﬂﬂﬂﬂﬂﬂﬂﬂﬂﬂﬂﬂﬂﬂﬂﬂﬂﬂﬂﬂﬂﬂ
…Õ Ar Plasma Ions into Si (1000A thick) (Energies 20-80 keV
He    2  5304500  482.2943 -5.36106E+07  4775993  1  0  0 
He    2  5304500  146.4149  1.95972E+07  6.293859E+07  1  0  0 
He    2  5304500  28.24389  5.75013E+07  692350.6  1  0  0 
He    2  5304500  289.7748 -6009216  5.851666E+07  1  0  0 
He    2  5304500  417.4738 -6.466751E+07 -3.041058E+07  1  0  0 
He    2  5304500  260.0919  6241264  4.711234E+07  1  0  0 
He    2  5304500  391.4781 -6.359916E+07 -4.482141E+07  1  0  0 
He    2  5304500  178.3915  5.506203E+07  4.861343E+07  1  0  0 
He    2  5304500  33.31365  4.014077E+07  3.00374E+07  1  0  0 
He    2  5304500  292.2614 -1.597598E+07  4.126398E+07  1  0  0 
He    2  5304500  497.5994  9966388  3.885358E+07  1  0  0 
He    2  5304500  165.8522  4.132194E+07  1.450319E+07  1  0  0 
He    2  5304500  500.517 -1.720123E+07 -2.598168E+07  1  0  0 
He    2  5304500  29.87651  8.43668E+07 -2.570198E+07  1  0  0 
He    2  5304500  369.8107 -7071472  2.895242E+07  1  0  0 
He    2  5304500  511.6099 -4.831138E+07  9583532  1  0  0 
He    2  5304500  154.7871 -1.49824E+07 -5739760  1  0  0 
He    2  5304500  204.8903 -3.73662E+07  1.957697E+07  1  0  0 
He    2  5304500  436.3152  2.467354E+07  4898854  1  0  0 
He    2  5304500  260.118 -4.626708E+07  824574.4  1  0  0 
He    2  5304500  436.8269  3.408196E+07 -3.185786E+07  1  0  0 
He    2  5304500  334.2558 -2479071 -2.09761E+07  1  0  0 
He    2  5304500  450.3161 -6.710459E+07  5.661734E+07  1  0  0 
He    2  5304500  480.8293  7.90521E+07  1.274149E+07  1  0  0 
He    2  5304500  492.3396 -4.689901E+07  1.603701E+07  1  0  0 
He    2  5304500  339.9263 -5.014596E+07 -5.977836E+07  1  0  0 
He    2  5304500  30.01646  7.630479E+07  2.973449E+07  1  0  0 
He    2  5304500  488.1972 -2.930141E+07 -7.45003E+07  1  0  0 
He    2  5304500  412.0284  4.200401E+07 -7.202219E+07  1  0  0 
He    2  5304500  8.854862 -4.52712E+07 -6.921383E+07  1  0  0 
He    2  5304500  278.6194 -2.102007E+07  997513.4  1  0  0 
He    2  5304500  1.674696  4.235795E+07 -4.045069E+07  1  0  0 
He    2  5304500  151.5962 -5.624805E+07  6.46194E+07  1  0  0 
He    2  5304500  72.99459  2.951327E+07  9527650  1  0  0 
He    2  5304500  4.328023  3.280156E+07 -2.797233E+07  1  0  0 
He    2  5304500  225.7149 -4058406 -2.796665E+07  1  0  0 
He    2  5304500  71.7464  5.625158E+07  4.753848E+07  1  0  0 
He    2  5304500  49.29863  3.240915E+07 -6.235223E+07  1  0  0 
He    2  5304500  40.3455  1.390173E+07  3.776221E+07  1  0  0 
He    2  5304500  69.77105  4.468023E+07  4.31771E+07  1  0  0 
He    2  5304500  398.182  5.773295E+07 -4.124158E+07  1  0  0 
He    2  5304500  399.7201 -305298.5 -6.984799E+07  1  0  0 
He    2  5304500  4.874936  1.747404E+07  1.452788E+07  1  0  0 
He    2  5304500  468.2961 -1.864391E+07 -5.866058E+07  1  0  0 
He    2  5304500  141.606 -2.196648E+07  5.865102E+07  1  0  0 
He    2  5304500  371.2121 -3.464833E+07  6.259483E+07  1  0  0 
He    2  5304500  461.1195  3.164114E+07  1.909776E+07  1  0  0 
He    2  5304500  60.74338  2.549091E+07 -3.507574E+07  1  0  0 
He    2  5304500  337.7218 -2.470633E+07 -3.546522E+07  1  0  0 
He    2  5304500  155.7278  3.066031E+07 -5.456389E+07  1  0  0 
He    2  5304500  217.2822 -1.303947E+07  2.717873E+07  1  0  0 
He    2  5304500  51.56585 -1.042209E+07 -3.672242E+07  1  0  0 
He    2  5304500  267.2323  2.587491E+07  2261146  1  0  0 
He    2  5304500  350.2203 -3488093  3.933691E+07  1  0  0 
He    2  5304500  106.5663  6766787 -7.723409E+07  1  0  0 
He    2  5304500  430.2167  4.955749E+07  7.356062E+07  1  0  0 
He    2  5304500  155.8407  1.472321E+07  6.28771E+07  1  0  0 
He    2  5304500  336.6428 -1.452043E+07  1.201676E+07  1  0  0 
He    2  5304500  287.1748  2.684094E+07  2.33026E+07  1  0  0 
He    2  5304500  511.149  3.316728E+07 -5.551712E+07  1  0  0 
He    2  5304500  94.25018  2.05819E+07 -3.981358E+07  1  0  0 
He    2  5304500  441.9483 -1.239095E+07 -6.697434E+07  1  0  0 
He    2  5304500  242.3109  3.2118E+07 -6.819695E+07  1  0  0 
He    2  5304500  13.81596  5.965259E+07  6.588871E+07  1  0  0 
He    2  5304500  38.16377  2.046303E+07  4.061657E+07  1  0  0 
He    2  5304500  318.09 -6.715046E+07 -7854672  1  0  0 
He    2  5304500  400.1778  7.740892E+07  4.377892E+07  1  0  0 
He    2  5304500  142.6707  3.160527E+07  7.171529E+07  1  0  0 
He    2  5304500  348.2846 -4.076384E+07  6.701673E+07  1  0  0 
He    2  5304500  22.02095  5775299 -2.005006E+07  1  0  0 
He    2  5304500  513.9785  4.756076E+07 -6.66819E+07  1  0  0 
He    2  5304500  347.1662  4.628591E+07 -4.597573E+07  1  0  0 
He    2  5304500  170.3159  2.897915E+07  3.241812E+07  1  0  0 
He    2  5304500  15.69437 -1.919629E+07  4.76844E+07  1  0  0 
He    2  5304500  201.9161  2.261799E+07 -4.859143E+07  1  0  0 
He    2  5304500  481.7558  2.17568E+07 -3.226751E+07  1  0  0 
He    2  5304500  134.9607  3.605351E+07  4.399409E+07  1  0  0 
He    2  5304500  86.06335 -7.575614E+07 -4.107893E+07  1  0  0 
He    2  5304500  27.19383 -8.017467E+07  2.982237E+07  1  0  0 
He    2  5304500  265.8925 -8.465615E+07  1.215601E+07  1  0  0 
He    2  5304500  197.9221 -1.797388E+07 -3.92711E+07  1  0  0 
He    2  5304500  425.081  4.512804E+07 -5.395454E+07  1  0  0 
He    2  5304500  418.0148  2.115185E+07 -1.166477E+07  1  0  0 
He    2  5304500  364.0294  2.206512E+07 -1.382741E+07  1  0  0 
He    2  5304500  179.9034  4.269901E+07 -7.65563E+07  1  0  0 
He    2  5304500  9.700466  2.95352E+07  5.21366E+07  1  0  0 
He    2  5304500  47.58205  2.433075E+07  7.172922E+07  1  0  0 
He    2  5304500  225.6197  5.502153E+07  1.119593E+07  1  0  0 
He    2  5304500  306.6075 -1.266872E+07  7728754  1  0  0 
He    2  5304500  381.8749 -5728766  7.504786E+07  1  0  0 
He    2  5304500  154.0988  8.49514E+07 -1.234586E+07  1  0  0 
He    2  5304500  245.1165 -7.608977E+07  1.099994E+07  1  0  0 
He    2  5304500  128.7376  3.907868E+07  352382.3  1  0  0 
He    2  5304500  248.5573 -4.834868E+07 -7.119088E+07  1  0  0 
He    2  5304500  220.7681 -3798456 -1.34663E+07  1  0  0 
He    2  5304500  141.9729 -3.104297E+07 -3.44306E+07  1  0  0 
He    2  5304500  141.9969  5.039604E+07 -2.727526E+07  1  0  0 
He    2  5304500  341.701 -6.531453E+07 -5.29768E+07  1  0  0 
He    2  5304500  135.7932 -6.245774E+07 -3.683662E+07  1  0  0 
He    2  5304500  40.642 -3.741797E+07 -4.347784E+07  1  0  0 

